0.000000 1.000000 1.000000 1.000000
0.025000 0.805556 0.868421 0.856698
0.050000 0.805556 0.824268 0.791066
0.075000 0.782143 0.771838 0.730496
0.100000 0.733668 0.726937 0.686287
0.125000 0.708984 0.696051 0.658677
0.150000 0.672308 0.661254 0.619586
0.175000 0.638645 0.632205 0.569226
0.200000 0.626753 0.597727 0.521481
0.225000 0.592224 0.543725 0.456852
0.250000 0.562597 0.494853 0.376818
0.275000 0.548431 0.426130 0.259925
0.300000 0.537231 0.348621 0.000000
0.325000 0.514394 0.231638 0.000000
0.350000 0.494169 0.000000 0.000000
0.375000 0.465444 0.000000 0.000000
0.400000 0.431220 0.000000 0.000000
0.425000 0.400065 0.000000 0.000000
0.450000 0.354568 0.000000 0.000000
0.475000 0.235610 0.000000 0.000000
0.500000 0.000000 0.000000 0.000000
0.525000 0.000000 0.000000 0.000000
0.550000 0.000000 0.000000 0.000000
0.575000 0.000000 0.000000 0.000000
0.600000 0.000000 0.000000 0.000000
0.625000 0.000000 0.000000 0.000000
0.650000 0.000000 0.000000 0.000000
0.675000 0.000000 0.000000 0.000000
0.700000 0.000000 0.000000 0.000000
0.725000 0.000000 0.000000 0.000000
0.750000 0.000000 0.000000 0.000000
0.775000 0.000000 0.000000 0.000000
0.800000 0.000000 0.000000 0.000000
0.825000 0.000000 0.000000 0.000000
0.850000 0.000000 0.000000 0.000000
0.875000 0.000000 0.000000 0.000000
0.900000 0.000000 0.000000 0.000000
0.925000 0.000000 0.000000 0.000000
0.950000 0.000000 0.000000 0.000000
0.975000 0.000000 0.000000 0.000000
1.000000 0.000000 0.000000 0.000000
