0.000000 1.000000 0.999100 0.999100
0.025000 0.997497 0.996919 0.997025
0.050000 0.997497 0.996919 0.997025
0.075000 0.997497 0.996919 0.997025
0.100000 0.997497 0.996919 0.993034
0.125000 0.997497 0.994326 0.988412
0.150000 0.997497 0.989251 0.984719
0.175000 0.997497 0.987739 0.982633
0.200000 0.996333 0.984710 0.975938
0.225000 0.996333 0.984059 0.970477
0.250000 0.994338 0.977885 0.967096
0.275000 0.994338 0.974774 0.965178
0.300000 0.992506 0.971302 0.963134
0.325000 0.990789 0.969279 0.959886
0.350000 0.989759 0.969279 0.957082
0.375000 0.989759 0.967157 0.953572
0.400000 0.989759 0.965546 0.950668
0.425000 0.987082 0.964202 0.947760
0.450000 0.981728 0.960009 0.945547
0.475000 0.979757 0.957917 0.942818
0.500000 0.977972 0.954663 0.937201
0.525000 0.975147 0.952144 0.932402
0.550000 0.973688 0.950519 0.926932
0.575000 0.971665 0.945402 0.922781
0.600000 0.971665 0.941690 0.917147
0.625000 0.969628 0.935509 0.908677
0.650000 0.969628 0.930075 0.901293
0.675000 0.969207 0.925512 0.892717
0.700000 0.967547 0.920262 0.884027
0.725000 0.966793 0.912528 0.874002
0.750000 0.965609 0.905237 0.860627
0.775000 0.963150 0.895096 0.843526
0.800000 0.961273 0.884809 0.812147
0.825000 0.958731 0.870233 0.741080
0.850000 0.955181 0.856291 0.000000
0.875000 0.951852 0.826583 0.000000
0.900000 0.948705 0.724205 0.000000
0.925000 0.936186 0.000000 0.000000
0.950000 0.906832 0.000000 0.000000
0.975000 0.736628 0.000000 0.000000
1.000000 0.000000 0.000000 0.000000
