0.000000 1.000000 1.000000 1.000000
0.025000 0.863095 0.912037 0.913333
0.050000 0.863095 0.887387 0.853810
0.075000 0.849421 0.848138 0.803711
0.100000 0.822034 0.806946 0.773465
0.125000 0.786638 0.789094 0.750958
0.150000 0.778571 0.755754 0.725187
0.175000 0.747430 0.736645 0.691007
0.200000 0.721190 0.712025 0.644242
0.225000 0.712121 0.679801 0.605096
0.250000 0.681946 0.631410 0.552064
0.275000 0.664725 0.586198 0.494832
0.300000 0.652954 0.535415 0.435335
0.325000 0.638945 0.474181 0.352691
0.350000 0.622249 0.411396 0.313806
0.375000 0.601433 0.338878 0.000000
0.400000 0.585010 0.279042 0.000000
0.425000 0.558066 0.000000 0.000000
0.450000 0.524248 0.000000 0.000000
0.475000 0.499639 0.000000 0.000000
0.500000 0.470398 0.000000 0.000000
0.525000 0.415351 0.000000 0.000000
0.550000 0.287824 0.000000 0.000000
0.575000 0.000000 0.000000 0.000000
0.600000 0.000000 0.000000 0.000000
0.625000 0.000000 0.000000 0.000000
0.650000 0.000000 0.000000 0.000000
0.675000 0.000000 0.000000 0.000000
0.700000 0.000000 0.000000 0.000000
0.725000 0.000000 0.000000 0.000000
0.750000 0.000000 0.000000 0.000000
0.775000 0.000000 0.000000 0.000000
0.800000 0.000000 0.000000 0.000000
0.825000 0.000000 0.000000 0.000000
0.850000 0.000000 0.000000 0.000000
0.875000 0.000000 0.000000 0.000000
0.900000 0.000000 0.000000 0.000000
0.925000 0.000000 0.000000 0.000000
0.950000 0.000000 0.000000 0.000000
0.975000 0.000000 0.000000 0.000000
1.000000 0.000000 0.000000 0.000000
