Car 0.0 0 -1.72 676.05 182.97 750.41 238.63 1.42 1.65 3.73 2.82 1.72 20.71 -1.58 5.32
Car 0.0 0 -2.84 352.48 180.56 489.42 230.18 1.50 1.65 4.15 -5.90 1.75 22.69 -3.10 1.37
Car 0.0 0 -2.06 779.77 166.34 1128.32 383.21 1.67 1.56 3.23 2.81 1.71 6.90 -1.62 10.01
Car 0.0 0 -0.47 729.39 175.50 831.87 222.92 1.55 1.62 3.98 5.89 1.66 25.56 -0.23 2.84
Car 0.0 0 0.46 239.10 182.22 442.08 255.79 1.50 1.61 3.97 -5.81 1.73 15.80 0.10 5.13
Car 0.0 0 -2.84 280.62 178.28 470.94 247.16 1.54 1.61 4.10 -5.65 1.73 17.80 3.13 2.27
Car 0.0 0 -2.95 375.51 180.82 497.65 224.77 1.48 1.64 4.06 -6.16 1.78 25.63 3.10 0.67
Car 0.0 0 -2.60 52.70 183.64 340.57 276.84 1.57 1.61 3.86 -6.30 1.65 11.30 -3.12 1.22
Car 0.0 0 -2.95 393.68 178.93 506.46 220.29 1.56 1.70 4.17 -6.34 1.83 28.95 3.11 0.24
Car 0.0 0 -2.96 415.15 178.19 517.88 214.40 1.68 1.71 4.23 -6.42 1.88 32.89 3.13 0.17
Car 0.0 0 -2.96 474.74 179.79 548.90 207.42 1.51 1.70 4.05 -5.44 1.89 40.73 -3.09 0.12
