Car 0.0 0 0.45 260.78 183.85 462.87 251.06 1.42 1.65 4.25 -5.67 1.70 16.74 0.12 5.58
Car 0.0 0 1.40 673.61 179.56 731.43 223.20 1.39 1.60 3.96 3.10 1.63 25.29 1.52 2.60
Car 0.0 0 -2.86 425.48 179.91 510.35 217.13 1.47 1.51 3.28 -5.63 1.74 28.51 -3.06 1.23
Car 0.0 0 -1.84 694.86 181.55 844.01 277.51 1.47 1.63 4.21 2.74 1.66 13.58 -1.62 8.63
Car 0.0 0 -2.96 445.94 173.48 536.48 210.75 1.58 1.66 3.90 -5.40 1.67 33.54 -3.12 0.45
Car 0.0 0 0.58 75.70 177.93 343.07 291.96 1.50 1.59 4.18 -6.37 1.66 11.45 0.07 3.06
Car 0.0 0 1.45 647.68 170.99 682.26 200.00 1.69 1.61 3.84 3.16 1.56 42.86 1.52 0.85
Car 0.0 0 -2.94 437.51 178.82 519.84 213.24 1.45 1.56 3.52 -5.75 1.72 31.70 -3.12 0.39
Car 0.0 0 -3.01 477.52 172.41 550.93 202.38 1.63 1.66 3.97 -5.22 1.60 40.26 3.14 0.13
Car 0.0 0 -2.60 19.20 182.06 274.81 323.51 1.54 1.66 4.00 -6.65 1.73 9.52 3.12 1.24
Car 0.0 0 -2.77 340.27 175.45 451.20 218.75 1.58 1.66 3.88 -8.04 1.68 26.84 -3.06 0.20
