Car 0.0 0 -2.76 406.26 183.43 502.60 218.95 1.44 1.62 3.68 -6.51 1.89 30.21 -2.97 2.28
Car 0.0 0 2.79 716.67 179.00 860.03 230.02 1.49 1.73 4.28 5.38 1.70 22.47 3.03 2.31
Car 0.0 0 -0.35 795.36 183.09 966.54 252.40 1.49 1.69 4.05 6.17 1.73 16.95 0.00 1.10
Car 0.0 0 -2.07 783.68 196.61 1112.54 381.17 1.36 1.61 3.70 2.80 1.63 6.96 -1.63 7.01
Car 0.0 0 -2.69 47.67 181.25 356.82 289.40 1.52 1.67 4.16 -6.36 1.70 11.53 3.08 5.33
Car 0.0 0 -2.96 428.89 181.69 514.08 214.63 1.46 1.63 3.76 -6.50 1.90 33.95 3.14 0.50
Car 0.0 0 -2.97 430.04 178.90 521.30 213.94 1.56 1.68 3.79 -6.36 1.89 34.62 3.13 0.40
Car 0.0 0 -2.74 309.47 182.46 456.12 232.74 1.46 1.64 3.87 -6.76 1.74 21.67 -3.04 0.20
Car 0.0 0 1.12 862.91 186.39 1047.76 282.68 1.48 1.58 3.61 6.04 1.76 13.26 1.57 0.23
Car 0.0 0 0.63 -6.75 184.34 274.12 361.98 1.53 1.70 4.07 -7.54 1.92 9.18 0.05 0.53
