Car 0.0 0 -1.79 692.84 184.38 807.97 264.05 1.40 1.60 3.93 2.70 1.66 15.11 -1.60 7.36
Car 0.0 0 0.46 342.99 175.73 497.45 230.89 1.43 1.62 4.16 -5.39 1.55 20.64 0.20 4.75
Car 0.0 0 -3.06 383.49 174.77 515.66 219.21 1.44 1.65 4.26 -5.48 1.51 24.71 3.01 2.15
Car 0.0 0 -1.50 551.59 174.51 588.67 202.89 1.42 1.60 3.68 -2.13 1.53 38.53 -1.55 1.76
Car 0.0 0 -1.73 670.61 175.76 733.15 225.47 1.49 1.58 3.63 2.92 1.61 24.10 -1.60 2.55
Car 0.0 0 -2.51 479.19 174.25 548.33 199.69 1.43 1.61 3.96 -5.50 1.50 41.07 -2.64 0.67
Car 0.0 0 0.68 3.18 182.46 332.38 328.83 1.48 1.64 4.33 -5.95 1.65 8.61 0.13 5.89
Car 0.0 0 -2.63 265.86 175.70 445.97 240.43 1.52 1.64 4.03 -5.93 1.56 16.86 -2.97 1.57
Car 0.0 0 -1.65 649.43 170.85 680.59 199.88 1.57 1.56 3.47 3.05 1.47 41.03 -1.57 0.85
Car 0.0 0 -2.65 146.48 174.38 368.03 285.01 1.51 1.60 3.74 -5.71 1.59 11.74 -3.10 0.52
