Car 0.0 0 1.75 442.64 179.27 505.69 225.58 1.43 1.58 3.87 -4.49 1.64 24.09 1.57 5.34
Car 0.0 0 -1.73 672.58 178.12 754.95 242.99 1.52 1.62 3.60 2.59 1.68 19.14 -1.58 5.46
Car 0.0 0 -1.88 737.87 182.01 910.55 302.92 1.52 1.58 3.52 3.06 1.69 11.16 -1.59 10.75
Car 0.0 0 0.45 199.28 176.11 358.77 232.10 1.43 1.56 4.11 -9.37 1.56 20.43 0.03 2.44
Car 0.0 0 -2.04 795.28 193.84 1164.17 380.98 1.47 1.59 3.58 2.84 1.67 6.57 -1.57 8.39
Car 0.0 0 -1.69 648.82 175.85 690.08 211.26 1.53 1.58 3.56 2.58 1.66 32.75 -1.61 1.08
Car 0.0 0 -1.70 663.47 176.37 725.62 225.50 1.54 1.59 3.38 2.77 1.68 24.70 -1.58 1.05
Car 0.0 0 -1.71 665.47 177.37 724.04 225.60 1.55 1.59 3.38 2.75 1.70 24.51 -1.59 0.79
Car 0.0 0 1.75 471.91 173.69 523.44 215.53 1.59 1.60 3.72 -4.50 1.61 29.03 1.59 1.37
Car 0.0 0 2.16 -1.58 187.89 324.86 376.70 1.48 1.63 3.79 -4.46 1.70 6.87 1.60 2.87
Car 0.0 0 1.73 490.89 174.34 538.11 207.62 1.53 1.64 4.05 -4.54 1.60 34.75 1.60 0.31
Car 0.0 0 1.74 490.13 174.52 538.73 207.18 1.54 1.64 4.05 -4.54 1.60 34.77 1.61 0.29
