Car 0.0 0 -1.69 673.65 179.02 726.37 219.63 1.48 1.62 3.65 3.39 1.71 27.82 -1.56 3.03
Car 0.0 0 -1.84 730.34 176.65 890.89 275.69 1.53 1.65 3.76 3.36 1.61 12.94 -1.57 9.55
Car 0.0 0 1.83 398.98 186.20 476.98 236.26 1.48 1.60 3.72 -5.65 1.95 23.86 1.60 3.96
Car 0.0 0 -1.76 697.46 175.39 794.21 243.42 1.57 1.68 3.78 3.32 1.66 18.69 -1.57 5.43
Car 0.0 0 2.09 48.81 203.27 326.19 329.13 1.45 1.67 4.29 -6.03 1.95 10.99 1.56 10.86
Car 0.0 0 -1.66 660.45 178.16 705.05 212.77 1.53 1.67 3.86 3.33 1.79 34.00 -1.56 1.24
Car 0.0 0 1.81 467.79 185.04 517.72 216.23 1.42 1.61 3.78 -5.74 2.03 35.44 1.65 1.41
Car 0.0 0 1.92 313.73 191.98 433.75 259.34 1.45 1.64 3.94 -5.83 1.96 18.17 1.60 3.88
Car 0.0 0 1.93 315.59 191.74 434.95 258.92 1.46 1.63 3.92 -5.80 1.96 18.21 1.61 2.82
Car 0.0 0 2.52 1048.47 141.42 1230.90 243.11 1.75 1.63 3.70 10.36 1.18 12.90 -3.13 0.67
Car 0.0 0 -1.62 647.84 178.20 679.98 203.81 1.53 1.69 3.89 3.17 1.83 43.41 -1.54 0.10
