Car 0.0 0 2.60 844.69 148.78 1009.11 207.68 1.64 1.68 4.01 9.13 0.97 21.07 3.01 3.41
Car 0.0 0 1.94 195.38 200.58 366.75 295.72 1.44 1.65 4.11 -6.06 2.02 13.76 1.51 9.87
Car 0.0 0 -1.73 665.91 174.59 727.78 217.34 1.52 1.61 3.42 3.20 1.58 27.34 -1.61 2.50
Car 0.0 0 1.85 389.02 190.01 467.99 235.95 1.43 1.69 4.12 -6.20 2.03 24.95 1.60 4.21
Car 0.0 0 1.83 446.01 186.52 502.12 220.37 1.43 1.61 3.73 -5.92 2.01 31.57 1.65 2.53
Car 0.0 0 1.87 314.08 194.17 426.80 259.11 1.46 1.64 3.88 -6.11 2.04 18.77 1.55 4.76
Car 0.0 0 -1.72 659.56 177.04 725.01 211.95 1.52 1.61 3.50 3.58 1.71 32.56 -1.61 0.57
Car 0.0 0 1.78 468.85 184.48 516.18 216.03 1.50 1.70 4.22 -5.72 2.05 35.53 1.61 0.87
Car 0.0 0 2.69 793.12 155.18 928.04 202.07 1.56 1.59 4.36 8.88 0.97 25.71 3.03 0.72
Car 0.0 0 -0.68 1145.92 131.97 1246.73 177.52 1.65 1.72 4.10 22.73 0.17 27.52 0.00 0.55
Car 0.0 0 -1.70 654.85 176.92 716.16 207.61 1.52 1.61 3.46 3.63 1.70 35.88 -1.60 0.13
Car 0.0 0 2.14 3.13 192.40 259.11 385.87 1.68 1.71 4.29 -6.00 1.95 8.31 1.56 1.70
