Car 0.0 0 -1.74 644.32 175.12 726.29 233.40 1.47 1.66 4.10 1.95 1.55 20.41 -1.64 6.39
Car 0.0 0 -2.75 229.61 178.57 426.19 248.20 1.48 1.63 4.20 -6.75 1.70 17.57 -3.12 3.70
Car 0.0 0 -1.68 622.27 169.25 663.79 204.30 1.62 1.61 3.73 1.55 1.46 35.67 -1.64 1.61
Car 0.0 0 -2.67 108.18 182.67 366.30 265.28 1.50 1.64 4.09 -7.08 1.71 14.19 3.14 1.17
Car 0.0 0 -2.67 413.76 177.48 487.59 212.26 1.46 1.53 3.40 -6.93 1.66 31.46 -2.88 0.64
Car 0.0 0 -2.70 408.12 178.05 480.66 215.11 1.48 1.53 3.38 -6.80 1.69 29.67 -2.93 0.45
Car 0.0 0 -2.99 461.97 172.89 521.88 197.33 1.58 1.63 3.61 -7.48 1.56 46.08 3.14 0.20
Car 0.0 0 -3.00 436.78 176.15 503.09 203.68 1.46 1.57 3.51 -7.46 1.61 38.51 3.09 0.15
Car 0.0 0 -2.99 476.56 172.07 523.27 196.40 1.61 1.65 3.74 -7.17 1.55 47.51 3.14 0.15
Car 0.0 0 -2.84 288.84 177.29 443.01 233.46 1.47 1.53 3.99 -7.05 1.64 20.86 3.12 0.27
