Car 0.0 0 -3.06 454.73 179.89 541.58 212.53 1.55 1.67 4.04 -5.37 1.88 34.79 3.07 1.54
Car 0.0 0 0.44 332.51 179.34 492.86 240.51 1.58 1.66 3.97 -5.42 1.78 19.94 0.17 3.82
Car 0.0 0 -2.77 127.01 182.36 389.56 271.98 1.51 1.70 4.13 -6.47 1.77 13.61 3.06 7.55
Car 0.0 0 -0.33 766.30 184.42 916.44 240.53 1.56 1.65 4.10 6.77 1.93 21.56 -0.02 3.43
Car 0.0 0 -0.39 778.10 189.49 948.12 249.54 1.47 1.69 4.04 6.58 1.94 19.14 -0.05 4.67
Car 0.0 0 2.53 855.52 189.18 1188.02 301.35 1.48 1.67 4.35 6.03 1.78 11.06 3.05 8.25
Car 0.0 0 -0.07 705.96 184.96 792.95 221.10 1.47 1.59 3.67 5.84 1.99 30.70 0.12 2.13
Car 0.0 0 -2.79 239.73 183.25 447.28 257.62 1.53 1.62 4.11 -5.82 1.79 15.98 3.14 4.57
Car 0.0 0 -1.66 640.29 183.13 671.06 208.91 1.44 1.63 3.75 2.71 2.10 43.60 -1.60 1.08
Car 0.0 0 -2.98 359.64 180.30 501.68 231.20 1.52 1.59 3.95 -5.64 1.77 22.78 3.06 0.67
Car 0.0 0 -3.09 493.73 181.12 558.58 204.74 1.49 1.69 4.03 -5.12 1.95 44.19 3.08 0.17
Car 0.0 0 -2.95 364.13 181.36 503.47 232.24 1.55 1.62 3.99 -5.63 1.82 23.01 3.09 0.42
Car 0.0 0 -3.09 520.55 179.32 571.82 202.32 1.52 1.70 4.09 -4.15 1.93 47.58 3.10 0.15
