Car 0.0 0 -1.72 665.77 180.07 728.11 227.80 1.43 1.62 3.82 2.77 1.69 24.00 -1.60 4.40
Car 0.0 0 -2.92 381.66 176.85 501.66 219.65 1.47 1.63 4.09 -5.96 1.62 25.64 3.13 1.55
Car 0.0 0 -1.90 730.40 167.10 936.36 324.78 1.74 1.63 3.68 2.74 1.70 9.75 -1.60 11.53
Car 0.0 0 -2.61 82.74 159.83 367.86 293.74 1.78 1.65 4.06 -6.05 1.66 11.42 -3.10 4.86
Car 0.0 0 0.40 293.58 174.36 476.64 239.81 1.52 1.65 4.14 -5.50 1.59 17.96 0.09 3.77
Car 0.0 0 -2.90 353.12 175.79 496.47 226.97 1.45 1.53 4.24 -5.87 1.60 23.03 3.13 0.67
Car 0.0 0 1.19 719.53 173.61 793.66 218.26 1.61 1.59 4.09 5.73 1.69 28.95 1.39 0.66
Car 0.0 0 0.70 10.00 183.82 292.14 337.82 1.52 1.65 3.98 -5.90 1.65 8.02 0.14 1.91
Car 0.0 0 -2.72 161.27 173.03 387.21 265.19 1.54 1.61 3.91 -6.76 1.61 14.41 3.13 0.48
Car 0.0 0 -2.95 431.30 174.62 526.19 207.40 1.67 1.69 4.19 -6.39 1.72 35.83 -3.13 0.21
Car 0.0 0 -2.97 412.14 175.92 514.12 213.91 1.54 1.64 4.10 -6.21 1.68 30.68 3.11 0.15
Car 0.0 0 -2.92 366.85 176.95 497.40 222.07 1.47 1.58 4.13 -6.01 1.62 24.71 3.12 0.25
