Car 0.0 0 1.10 742.31 175.87 850.55 222.83 1.53 1.71 4.16 6.29 1.63 24.88 1.36 2.66
Car 0.0 0 -0.15 691.31 172.78 762.19 205.20 1.58 1.60 3.51 5.83 1.58 36.47 0.01 1.30
Car 0.0 0 -2.98 399.86 166.74 517.51 213.57 1.62 1.63 3.77 -5.46 1.40 25.96 3.10 2.41
Car 0.0 0 -2.79 349.95 168.77 489.85 222.14 1.53 1.61 3.99 -5.79 1.43 22.02 -3.05 2.16
Car 0.0 0 -2.04 765.26 195.88 1123.41 371.50 1.38 1.65 4.00 2.74 1.61 7.30 -1.60 7.39
Car 0.0 0 0.44 297.72 170.51 454.81 228.19 1.52 1.61 3.84 -6.25 1.44 19.33 0.13 2.08
Car 0.0 0 0.15 462.82 166.80 539.05 196.17 1.60 1.65 3.91 -5.78 1.25 38.31 0.00 0.37
Car 0.0 0 -3.05 485.07 168.07 553.60 194.51 1.54 1.66 3.82 -5.27 1.24 42.22 3.11 0.33
Car 0.0 0 0.60 8.29 162.50 334.52 314.18 1.72 1.67 4.03 -5.70 1.56 8.80 0.06 2.50
Car 0.0 0 1.16 857.87 184.58 1048.86 273.63 1.43 1.63 3.91 6.28 1.68 13.78 1.60 0.46
Car 0.0 0 1.12 835.36 178.60 972.49 234.60 1.42 1.59 4.07 8.66 1.66 21.86 1.51 0.18
Car 0.0 0 -0.10 729.75 174.25 840.06 218.08 1.50 1.60 4.14 6.75 1.62 28.46 0.13 0.54
Car 0.0 0 0.42 298.06 171.08 456.71 228.47 1.53 1.62 3.86 -6.21 1.46 19.35 0.11 0.96
Car 0.0 0 -3.08 521.38 167.87 560.11 191.00 1.54 1.68 3.97 -4.54 1.17 47.42 3.10 0.13
Car 0.0 0 -2.63 61.08 170.15 405.35 272.51 1.50 1.50 4.25 -5.64 1.42 11.01 -3.12 0.59
