Car 0.0 0 1.73 494.39 180.25 539.78 213.13 1.53 1.62 3.80 -4.55 1.91 35.62 1.61 2.79
Car 0.0 0 -1.87 743.10 179.32 899.55 279.31 1.54 1.59 3.87 3.56 1.67 13.11 -1.59 10.23
Car 0.0 0 1.91 243.42 191.42 416.79 295.32 1.53 1.67 4.29 -4.87 1.89 13.09 1.54 10.65
Car 0.0 0 -2.04 831.09 187.32 1164.20 372.88 1.51 1.60 3.58 3.69 1.67 7.76 -1.54 16.15
Car 0.0 0 1.84 358.59 187.78 471.72 253.81 1.47 1.66 4.24 -4.92 1.87 18.64 1.58 6.37
Car 0.0 0 -1.74 702.08 177.90 765.88 227.08 1.55 1.65 3.67 3.96 1.70 24.09 -1.57 1.87
Car 0.0 0 2.12 -1.14 199.27 296.85 379.74 1.52 1.67 4.16 -4.76 1.87 7.12 1.55 5.58
Car 0.0 0 -1.78 714.47 179.35 802.98 244.25 1.55 1.66 3.91 3.67 1.70 18.66 -1.57 2.89
Car 0.0 0 -1.71 688.82 176.98 740.64 216.45 1.55 1.68 4.13 4.29 1.73 30.55 -1.56 0.78
Car 0.0 0 -1.74 689.46 176.91 745.64 218.31 1.53 1.66 3.94 4.26 1.72 29.41 -1.59 0.29
Car 0.0 0 -1.78 714.33 177.94 800.76 243.28 1.55 1.66 3.86 3.69 1.68 18.82 -1.58 1.09
