Car 0.0 0 -1.72 683.99 175.56 750.30 228.35 1.55 1.62 3.45 3.36 1.67 23.41 -1.57 4.21
Car 0.0 0 1.83 419.79 189.43 485.40 230.05 1.39 1.62 3.81 -5.79 2.01 26.80 1.62 3.65
Car 0.0 0 2.55 920.18 139.44 1138.80 217.32 1.75 1.71 4.20 9.81 1.00 17.23 3.08 4.01
Car 0.0 0 1.95 211.55 201.85 370.81 292.99 1.41 1.65 3.96 -6.02 2.02 14.02 1.53 8.07
Car 0.0 0 -1.71 670.58 177.34 734.62 219.48 1.58 1.67 3.78 3.51 1.74 28.36 -1.59 1.28
Car 0.0 0 1.88 336.48 193.13 440.13 252.82 1.42 1.65 3.95 -6.13 2.03 20.27 1.59 5.12
Car 0.0 0 -1.73 671.22 177.17 728.13 219.78 1.57 1.66 3.67 3.39 1.73 28.08 -1.60 1.35
Car 0.0 0 2.13 -11.11 212.05 278.11 367.28 1.44 1.64 3.91 -5.93 1.99 8.98 1.54 8.33
Car 0.0 0 -1.65 653.40 177.97 698.48 204.92 1.48 1.65 3.74 3.53 1.74 39.51 -1.55 0.16
Car 0.0 0 1.78 453.14 185.24 504.52 222.39 1.47 1.64 3.98 -5.67 2.03 31.51 1.60 0.69
Car 0.0 0 2.64 843.48 149.77 1016.09 207.88 1.58 1.62 4.10 9.28 0.95 21.11 3.06 0.36
Car 0.0 0 1.75 494.97 183.92 529.75 207.88 1.45 1.53 3.59 -5.91 2.10 43.78 1.61 0.23
