Car 0.0 0 -1.71 672.03 182.59 743.24 236.17 1.43 1.64 3.78 2.79 1.74 21.69 -1.57 4.56
Car 0.0 0 -2.80 249.26 180.78 447.92 251.24 1.52 1.63 3.90 -5.83 1.73 16.44 3.14 5.02
Car 0.0 0 -2.01 759.08 167.82 1045.86 369.95 1.69 1.58 3.32 2.71 1.69 7.69 -1.63 12.45
Car 0.0 0 0.35 370.85 180.33 494.66 224.87 1.49 1.62 3.93 -6.04 1.74 24.71 0.11 1.10
Car 0.0 0 1.19 726.17 175.96 812.79 221.49 1.56 1.61 3.86 5.72 1.69 26.59 1.41 2.49
Car 0.0 0 0.39 296.60 177.82 475.53 242.50 1.54 1.62 4.03 -5.72 1.71 18.77 0.09 1.57
Car 0.0 0 -2.65 95.68 182.03 351.98 274.73 1.56 1.64 3.78 -6.52 1.68 12.31 -3.14 1.37
Car 0.0 0 0.36 353.77 179.95 492.11 229.74 1.46 1.57 4.00 -5.96 1.73 23.19 0.10 0.42
Car 0.0 0 -2.65 96.18 178.53 354.42 270.24 1.55 1.63 3.70 -6.55 1.66 12.61 -3.14 0.66
Car 0.0 0 -2.96 400.75 179.58 508.86 219.59 1.51 1.65 4.09 -6.37 1.83 29.61 3.11 0.15
Car 0.0 0 -2.96 411.71 177.88 515.96 213.94 1.62 1.71 4.14 -6.57 1.85 32.94 3.12 0.16
Car 0.0 0 -2.61 -6.37 170.05 300.69 336.37 1.67 1.68 4.16 -6.13 1.73 9.27 3.11 0.64
