Car 0.0 0 -1.73 632.91 178.47 703.48 229.38 1.50 1.67 4.11 1.74 1.69 23.25 -1.65 5.10
Car 0.0 0 -2.96 418.69 179.69 484.69 213.95 1.44 1.52 3.36 -6.83 1.73 31.31 3.11 1.27
Car 0.0 0 0.39 210.26 183.59 431.77 251.71 1.42 1.73 4.46 -6.59 1.73 16.93 0.01 1.28
Car 0.0 0 1.40 613.87 174.00 651.89 205.77 1.60 1.60 3.74 1.12 1.67 38.08 1.43 1.37
Car 0.0 0 -2.73 338.34 180.21 447.09 235.46 1.48 1.63 3.65 -6.53 1.74 21.76 -3.02 0.35
Car 0.0 0 -2.70 390.20 178.88 467.60 216.42 1.48 1.55 3.23 -7.26 1.71 29.05 -2.94 0.17
Car 0.0 0 -3.00 451.81 177.39 510.23 200.80 1.51 1.60 3.54 -8.13 1.77 45.85 3.11 0.12
Car 0.0 0 -0.60 899.42 184.79 1185.42 347.97 1.48 1.65 4.47 5.59 1.66 7.77 -0.06 1.39
Car 0.0 0 -2.76 319.12 178.40 448.33 234.29 1.47 1.63 3.83 -6.54 1.68 20.96 -3.06 0.18
Car 0.0 0 -3.02 436.28 179.11 502.63 206.86 1.45 1.58 3.52 -7.51 1.78 38.66 3.07 0.09
