Car 0.0 0 1.38 661.47 172.36 730.22 229.32 1.65 1.63 3.92 2.55 1.64 22.88 1.50 3.95
Car 0.0 0 -1.94 742.89 171.50 999.85 356.79 1.67 1.66 3.76 2.59 1.65 8.21 -1.59 12.68
Car 0.0 0 -1.85 691.55 182.60 823.92 268.77 1.43 1.59 3.69 2.67 1.64 14.08 -1.65 7.92
Car 0.0 0 0.39 298.94 182.27 468.78 247.76 1.44 1.58 3.68 -5.50 1.72 17.84 0.09 2.51
Car 0.0 0 -3.02 439.40 176.27 531.27 210.02 1.43 1.64 4.03 -5.57 1.61 32.68 3.10 0.81
Car 0.0 0 0.30 365.28 174.79 498.24 225.13 1.57 1.68 4.03 -5.82 1.65 23.72 0.06 0.92
Car 0.0 0 1.42 644.99 175.11 689.69 207.22 1.50 1.65 4.02 2.74 1.63 36.20 1.50 0.63
Car 0.0 0 0.25 379.03 175.17 503.46 221.96 1.55 1.68 4.06 -5.73 1.63 24.76 0.02 0.40
Car 0.0 0 -2.62 -11.84 190.61 294.45 333.82 1.47 1.60 4.19 -6.28 1.73 8.51 3.09 3.18
Car 0.0 0 -2.98 426.69 176.76 524.48 211.94 1.44 1.61 3.98 -5.65 1.62 30.80 3.12 0.49
Car 0.0 0 -2.67 12.75 192.91 339.70 294.53 1.40 1.52 4.11 -6.62 1.75 11.23 3.07 1.53
Car 0.0 0 -2.65 10.43 190.87 339.35 289.21 1.40 1.50 4.08 -6.65 1.72 11.17 3.09 1.13
Car 0.0 0 -3.04 463.00 174.83 539.79 204.16 1.55 1.70 4.08 -5.77 1.64 38.89 3.10 0.10
Car 0.0 0 -2.66 245.83 185.33 396.88 251.44 1.51 1.58 3.42 -7.00 1.82 17.56 -3.04 0.50
