Car 0.0 0 -1.70 603.98 182.45 655.35 222.50 1.47 1.61 3.72 0.66 1.83 28.06 -1.68 2.76
Car 0.0 0 -1.90 713.88 190.93 895.74 311.33 1.45 1.58 3.56 2.68 1.77 11.01 -1.64 11.75
Car 0.0 0 -1.79 646.17 175.77 761.94 263.65 1.67 1.63 3.63 1.79 1.75 15.59 -1.66 6.83
Car 0.0 0 1.82 288.91 198.90 428.12 300.39 1.40 1.58 3.77 -4.36 1.94 12.95 1.49 9.07
Car 0.0 0 -1.74 621.84 180.17 693.98 237.65 1.59 1.63 3.54 1.29 1.80 21.43 -1.67 2.61
Car 0.0 0 1.71 481.84 182.10 515.90 207.57 1.45 1.60 4.01 -6.76 2.03 44.05 1.56 0.97
Car 0.0 0 2.09 -39.43 215.66 350.94 380.82 1.44 1.65 3.93 -3.61 1.86 6.23 1.53 3.30
Car 0.0 0 -1.69 587.82 181.21 624.27 207.77 1.50 1.63 3.81 -0.31 1.95 40.82 -1.69 0.47
Car 0.0 0 1.74 411.79 176.05 486.96 238.95 1.65 1.65 4.09 -4.66 1.76 21.21 1.52 1.63
Car 0.0 0 -2.14 783.39 195.06 1238.17 381.47 1.44 1.63 3.88 2.97 1.73 6.13 -1.63 2.64
Car 0.0 0 -1.69 584.81 180.66 621.33 207.41 1.51 1.65 3.84 -0.51 1.98 43.06 -1.69 0.16
