Car 0.0 0 -1.74 679.69 178.89 746.28 225.86 1.43 1.63 3.78 3.27 1.63 23.88 -1.59 3.96
Car 0.0 0 1.88 248.76 193.67 460.76 336.33 1.42 1.56 3.65 -3.11 1.74 9.42 1.54 11.80
Car 0.0 0 -1.78 707.54 176.74 812.67 251.26 1.55 1.65 3.69 3.32 1.64 16.90 -1.57 5.33
Car 0.0 0 -1.86 741.21 171.44 910.21 293.13 1.65 1.62 3.67 3.30 1.68 11.98 -1.57 8.77
Car 0.0 0 1.67 545.28 176.25 581.23 203.19 1.43 1.61 4.33 -2.66 1.63 40.85 1.61 1.20
Car 0.0 0 -2.10 859.34 197.57 1252.89 380.33 1.42 1.57 3.66 3.67 1.71 6.80 -1.54 6.75
Car 0.0 0 -1.69 673.37 177.34 720.20 212.29 1.48 1.63 3.82 3.76 1.68 32.34 -1.57 0.82
Car 0.0 0 -2.10 858.75 193.03 1265.22 377.64 1.43 1.60 3.72 3.74 1.71 6.82 -1.54 5.94
Car 0.0 0 1.75 463.95 166.64 546.30 241.05 1.67 1.68 4.10 -2.65 1.55 18.89 1.60 2.58
Car 0.0 0 -1.70 655.82 176.33 690.09 203.64 1.51 1.63 3.89 3.47 1.68 40.86 -1.62 0.13
