Car 0.0 0 0.40 341.18 181.11 488.97 231.77 1.45 1.66 4.09 -5.84 1.72 21.85 0.14 3.37
Car 0.0 0 -1.76 667.12 181.25 757.03 244.48 1.49 1.65 3.85 2.51 1.72 19.07 -1.62 5.43
Car 0.0 0 -1.99 748.50 191.09 978.62 337.70 1.46 1.58 3.43 2.85 1.70 8.99 -1.65 12.73
Car 0.0 0 -2.72 58.04 185.90 373.87 284.30 1.48 1.62 4.28 -6.42 1.77 12.09 3.07 4.96
Car 0.0 0 -2.80 164.75 182.30 401.85 262.58 1.53 1.62 4.17 -6.64 1.76 14.90 3.06 2.64
Car 0.0 0 1.41 656.95 181.12 705.89 216.84 1.41 1.58 3.76 2.81 1.73 29.64 1.51 0.87
Car 0.0 0 -3.00 462.83 175.27 540.98 207.13 1.56 1.65 3.70 -5.60 1.72 37.91 3.14 0.36
Car 0.0 0 0.43 215.47 181.42 422.46 249.60 1.49 1.59 4.22 -6.58 1.72 16.60 0.05 0.88
Car 0.0 0 -2.96 360.80 176.08 494.12 226.16 1.63 1.59 3.82 -6.29 1.78 25.16 3.07 0.17
Car 0.0 0 -3.01 464.25 175.31 540.89 205.30 1.56 1.68 3.84 -5.67 1.71 39.04 3.12 0.09
