Car 0.0 0 -0.35 729.23 183.47 867.80 238.23 1.43 1.61 3.78 5.32 1.77 20.73 -0.09 5.13
Car 0.0 0 -1.65 635.48 181.03 674.28 213.57 1.45 1.60 3.75 2.09 1.85 34.41 -1.59 2.26
Car 0.0 0 -3.03 397.20 176.51 513.51 219.56 1.53 1.67 3.95 -5.78 1.68 26.89 3.04 2.92
Car 0.0 0 -2.77 204.63 174.88 425.71 263.53 1.63 1.65 4.18 -5.96 1.70 14.56 3.13 3.81
Car 0.0 0 0.58 55.74 180.29 391.98 299.34 1.52 1.67 4.36 -5.75 1.73 10.99 0.09 6.10
Car 0.0 0 -0.52 873.48 184.82 1135.30 289.89 1.56 1.56 3.47 6.47 1.81 12.20 -0.02 4.76
Car 0.0 0 -0.55 938.20 191.51 1231.82 319.01 1.46 1.60 3.74 6.63 1.80 9.76 0.03 6.13
Car 0.0 0 -2.72 287.65 181.85 457.00 237.24 1.48 1.63 4.21 -6.58 1.72 20.08 -3.04 0.71
Car 0.0 0 -3.13 459.94 178.87 540.68 205.11 1.40 1.68 4.34 -5.74 1.67 37.93 3.00 0.49
Car 0.0 0 -3.07 425.06 179.41 525.39 214.17 1.47 1.70 4.25 -5.94 1.76 31.83 3.03 0.48
Car 0.0 0 -2.74 259.02 179.01 442.02 246.26 1.52 1.66 4.08 -6.21 1.68 17.24 -3.09 0.94
Car 0.0 0 -3.12 519.67 175.68 575.05 198.70 1.50 1.68 3.90 -4.13 1.67 47.56 3.08 0.14
