Car 0.0 0 -1.74 691.32 182.14 760.44 231.16 1.43 1.64 3.80 3.49 1.72 22.79 -1.58 4.49
Car 0.0 0 -1.88 759.64 175.33 950.01 312.36 1.60 1.59 3.57 3.30 1.68 10.54 -1.55 11.28
Car 0.0 0 1.93 196.13 195.85 450.24 362.17 1.42 1.56 3.63 -2.99 1.71 8.20 1.55 13.06
Car 0.0 0 1.68 548.50 176.90 587.68 204.64 1.43 1.60 4.32 -2.34 1.67 40.26 1.63 1.43
Car 0.0 0 1.73 464.33 165.96 550.61 244.82 1.69 1.69 4.22 -2.47 1.55 18.04 1.59 4.08
Car 0.0 0 -1.69 683.12 179.83 731.02 216.85 1.49 1.62 3.73 4.00 1.78 30.67 -1.56 0.86
Car 0.0 0 -1.68 682.20 179.40 730.76 216.52 1.51 1.62 3.70 4.07 1.79 31.47 -1.55 0.49
Car 0.0 0 -1.79 724.77 180.76 837.81 260.53 1.52 1.63 3.71 3.52 1.69 15.72 -1.56 1.34
Car 0.0 0 -1.69 663.50 178.29 697.52 204.30 1.50 1.61 3.66 3.99 1.79 42.01 -1.60 0.11
Car 0.0 0 -1.79 723.59 179.47 840.74 262.14 1.53 1.62 3.67 3.53 1.70 15.62 -1.55 0.92
