Car 0.0 0 1.71 499.91 175.81 555.14 217.17 1.49 1.65 4.16 -3.18 1.61 27.97 1.59 4.12
Car 0.0 0 -1.76 690.04 181.82 769.60 237.96 1.50 1.64 3.81 3.35 1.77 21.30 -1.60 5.29
Car 0.0 0 -1.74 668.75 182.03 725.38 224.24 1.43 1.60 3.88 3.07 1.77 26.48 -1.62 3.01
Car 0.0 0 -1.89 758.13 195.25 958.48 321.72 1.41 1.59 3.84 3.33 1.79 10.66 -1.56 9.93
Car 0.0 0 -1.38 333.64 175.52 498.18 291.92 1.57 1.66 3.95 -3.01 1.64 11.92 -1.64 5.42
Car 0.0 0 -1.70 656.23 179.61 698.65 213.60 1.50 1.58 3.53 2.98 1.81 33.34 -1.60 0.65
Car 0.0 0 -1.18 64.46 124.38 437.12 379.41 1.94 1.64 4.06 -2.90 1.68 6.68 -1.64 2.18
Car 0.0 0 -1.81 725.22 186.42 841.65 268.58 1.50 1.58 3.36 3.45 1.80 15.17 -1.57 1.80
Car 0.0 0 -0.94 634.42 175.85 672.57 196.50 1.62 1.60 3.80 3.26 1.80 55.27 -0.88 0.16
Car 0.0 0 1.65 530.47 177.73 565.18 205.05 1.49 1.67 4.33 -3.52 1.77 40.62 1.57 0.25
Car 0.0 0 -1.80 725.68 187.54 843.52 268.37 1.49 1.57 3.36 3.48 1.81 15.23 -1.56 1.11
