Car 0.0 0 -1.73 685.99 182.02 769.75 244.31 1.42 1.63 3.82 2.90 1.68 19.02 -1.57 5.13
Car 0.0 0 -0.37 735.43 172.10 873.66 224.82 1.62 1.66 4.46 6.30 1.62 23.88 -0.10 3.32
Car 0.0 0 0.39 341.49 176.29 484.15 229.00 1.53 1.66 4.24 -5.84 1.64 21.56 0.12 1.69
Car 0.0 0 0.50 172.79 179.95 417.82 265.89 1.50 1.58 4.09 -6.00 1.68 14.01 0.08 7.00
Car 0.0 0 0.43 244.64 172.48 458.82 249.74 1.58 1.63 4.15 -5.55 1.60 15.86 0.09 3.51
Car 0.0 0 -2.99 375.88 176.90 498.07 221.20 1.48 1.60 4.25 -6.14 1.66 25.80 3.06 0.57
Car 0.0 0 -2.59 8.26 181.85 301.73 290.15 1.59 1.58 3.51 -7.13 1.72 11.32 3.13 1.57
Car 0.0 0 -2.96 396.15 174.85 505.05 215.52 1.62 1.67 4.28 -6.33 1.69 28.99 3.10 0.27
Car 0.0 0 -2.97 421.37 175.56 521.14 210.07 1.64 1.71 4.30 -6.33 1.72 33.51 3.13 0.17
Car 0.0 0 1.52 633.34 172.91 662.14 196.82 1.53 1.68 3.91 2.48 1.54 48.32 1.57 0.26
