Car 0.0 0 -1.74 680.41 182.52 757.59 240.25 1.41 1.62 3.70 2.88 1.70 20.04 -1.59 5.39
Car 0.0 0 -0.40 728.23 173.18 858.92 222.75 1.58 1.67 4.24 6.16 1.62 24.67 -0.15 3.03
Car 0.0 0 0.48 214.06 179.25 432.17 259.60 1.52 1.59 3.94 -5.80 1.68 14.80 0.10 6.28
Car 0.0 0 0.39 339.78 178.01 483.64 230.01 1.51 1.63 4.20 -5.89 1.66 21.62 0.13 1.12
Car 0.0 0 -2.11 816.88 165.16 1211.38 381.36 1.61 1.58 3.38 2.92 1.70 6.13 -1.59 6.65
Car 0.0 0 -2.94 374.10 178.83 497.97 222.60 1.49 1.62 4.26 -6.18 1.71 25.70 3.11 0.43
Car 0.0 0 -2.59 10.11 179.87 322.44 283.95 1.61 1.63 3.88 -6.66 1.67 11.14 -3.14 2.17
Car 0.0 0 0.40 268.19 175.41 462.53 247.43 1.57 1.63 4.07 -5.68 1.65 16.97 0.08 1.76
Car 0.0 0 -2.96 396.33 176.38 503.38 216.63 1.58 1.70 4.23 -6.43 1.73 29.32 3.11 0.32
Car 0.0 0 -2.96 416.42 177.34 515.14 211.75 1.66 1.70 4.26 -6.52 1.80 33.19 3.12 0.16
Car 0.0 0 1.50 632.73 174.25 660.61 197.70 1.55 1.67 3.89 2.46 1.65 49.50 1.55 0.22
