Car 0.0 0 -1.95 805.12 189.14 1056.79 337.97 1.49 1.62 3.79 3.86 1.73 9.51 -1.53 13.99
Car 0.0 0 -1.82 744.71 181.62 865.41 265.04 1.53 1.58 3.57 3.85 1.72 15.04 -1.55 8.52
Car 0.0 0 -1.74 694.35 178.47 755.35 224.80 1.59 1.67 3.92 4.08 1.79 26.46 -1.58 2.80
Car 0.0 0 1.85 401.84 185.14 492.20 244.82 1.55 1.64 3.98 -4.67 1.93 21.10 1.63 5.38
Car 0.0 0 -1.78 707.65 180.05 789.55 239.19 1.55 1.65 3.92 3.81 1.76 20.75 -1.59 4.58
Car 0.0 0 1.75 526.20 179.74 563.70 207.83 1.58 1.61 3.82 -3.96 2.03 44.15 1.66 1.42
Car 0.0 0 1.79 451.86 184.83 517.31 230.08 1.50 1.61 4.01 -4.58 1.97 26.73 1.62 2.50
Car 0.0 0 1.89 292.51 188.50 445.46 279.84 1.55 1.66 4.33 -4.72 1.88 14.68 1.56 7.67
Car 0.0 0 -1.70 683.46 178.46 722.28 211.20 1.56 1.66 3.83 4.55 1.85 36.03 -1.57 0.55
Car 0.0 0 -1.93 809.12 189.74 1057.26 338.17 1.49 1.63 3.80 3.90 1.75 9.56 -1.51 3.31
