Car 0.0 0 -1.83 566.61 203.62 706.98 298.09 1.47 1.59 3.46 0.28 2.06 13.26 -1.79 8.35
Car 0.0 0 1.81 172.92 214.90 304.23 307.43 1.40 1.55 3.71 -7.09 2.29 14.01 1.34 7.07
Car 0.0 0 -1.72 468.77 199.00 515.77 237.60 1.47 1.59 3.77 -4.98 2.58 29.95 -1.88 1.94
Car 0.0 0 -1.79 508.12 192.79 610.84 269.66 1.67 1.67 3.82 -1.45 2.18 17.74 -1.86 3.75
Car 0.0 0 1.72 277.68 195.37 352.61 255.54 1.63 1.66 3.98 -9.09 2.37 22.32 1.34 2.93
Car 0.0 0 2.01 -70.64 229.11 249.30 390.12 1.39 1.62 3.88 -5.03 2.02 7.40 1.38 5.33
Car 0.0 0 -1.75 485.79 197.44 557.34 247.74 1.58 1.63 3.50 -3.05 2.37 23.83 -1.88 1.49
Car 0.0 0 1.68 343.69 201.82 377.72 227.11 1.46 1.63 4.13 -15.52 3.28 44.89 1.35 0.50
Car 0.0 0 -1.95 629.53 206.03 894.45 368.36 1.46 1.63 3.78 1.44 1.90 8.72 -1.74 3.82
Car 0.0 0 -1.72 445.05 197.21 490.81 222.87 1.53 1.65 3.82 -8.53 2.94 42.90 -1.92 0.22
Car 0.0 0 -1.72 446.23 198.47 485.08 222.90 1.53 1.63 3.83 -8.76 3.02 43.37 -1.92 0.17
