Car 0.0 0 -1.80 698.20 188.24 804.93 262.56 1.37 1.62 3.75 2.83 1.71 15.54 -1.60 6.55
Car 0.0 0 -0.38 762.38 177.63 915.06 237.15 1.64 1.68 4.41 6.56 1.80 21.36 -0.07 3.56
Car 0.0 0 -2.90 340.88 180.48 478.79 230.49 1.48 1.58 4.20 -6.26 1.75 22.71 3.11 0.84
Car 0.0 0 0.59 49.16 182.44 383.78 294.13 1.49 1.60 4.27 -5.91 1.73 11.22 0.09 6.61
Car 0.0 0 -2.74 152.50 179.21 432.18 274.30 1.53 1.58 4.31 -5.59 1.68 12.97 3.13 4.47
Car 0.0 0 -2.94 362.53 178.60 489.30 225.36 1.59 1.67 4.15 -6.52 1.82 25.76 3.10 0.64
Car 0.0 0 -2.81 269.88 180.46 464.66 247.71 1.53 1.61 4.17 -5.69 1.73 17.26 -3.14 1.59
Car 0.0 0 1.40 699.82 176.45 749.34 206.98 1.51 1.71 4.35 6.38 1.77 40.87 1.56 0.19
Car 0.0 0 -1.63 634.37 177.11 664.84 202.11 1.49 1.68 4.04 2.47 1.78 45.80 -1.57 0.41
Car 0.0 0 -2.96 416.93 180.37 523.06 216.20 1.58 1.73 4.12 -5.99 1.86 31.29 3.13 0.27
Car 0.0 0 -2.54 -5.74 190.74 209.80 334.35 1.45 1.58 3.40 -6.96 1.72 8.49 3.13 2.08
Car 0.0 0 -2.93 399.73 178.79 505.47 219.20 1.64 1.70 4.12 -6.35 1.87 29.32 -3.14 0.20
