Car 0.0 0 -1.75 667.99 181.54 749.40 238.15 1.44 1.66 3.95 2.53 1.66 19.77 -1.61 3.40
Car 0.0 0 0.45 375.64 180.50 491.17 227.74 1.46 1.59 3.59 -5.84 1.73 23.94 0.21 2.56
Car 0.0 0 -2.72 183.11 184.42 414.24 263.49 1.47 1.51 4.22 -6.30 1.72 14.69 -3.13 3.70
Car 0.0 0 1.38 649.17 172.96 703.24 217.77 1.61 1.57 3.38 2.43 1.63 27.95 1.48 1.44
Car 0.0 0 -2.91 387.85 176.02 510.98 222.00 1.55 1.61 4.07 -5.85 1.71 26.47 -3.13 0.52
Car 0.0 0 0.55 92.67 184.32 385.99 284.24 1.48 1.56 4.37 -6.18 1.74 12.22 0.08 4.71
Car 0.0 0 -2.93 439.59 175.60 529.00 207.56 1.49 1.66 4.18 -5.96 1.62 34.64 -3.10 0.46
Car 0.0 0 -1.78 690.74 177.22 811.06 269.65 1.57 1.65 3.64 2.51 1.65 13.93 -1.59 3.83
Car 0.0 0 1.47 636.97 175.28 669.97 202.30 1.50 1.64 3.90 2.42 1.65 41.89 1.53 0.31
Car 0.0 0 0.21 416.48 175.74 520.12 213.45 1.52 1.64 4.13 -5.91 1.66 30.45 0.01 0.23
Car 0.0 0 -2.73 238.00 183.64 425.27 248.99 1.44 1.53 4.02 -6.70 1.73 17.41 -3.09 0.74
Car 0.0 0 -2.96 461.61 175.24 538.94 204.21 1.52 1.69 4.20 -5.60 1.61 37.25 -3.11 0.13
