Car 0.0 0 0.32 358.60 171.97 496.15 223.38 1.53 1.62 3.93 -5.55 1.51 22.12 0.08 3.03
Car 0.0 0 -1.69 655.70 175.35 704.94 215.60 1.47 1.59 3.65 2.66 1.58 28.44 -1.59 2.31
Car 0.0 0 -2.95 373.55 173.64 506.15 219.57 1.48 1.56 4.31 -5.78 1.53 24.67 3.10 1.68
Car 0.0 0 -1.83 693.72 169.16 815.28 266.89 1.72 1.71 3.96 2.63 1.66 14.52 -1.63 6.12
Car 0.0 0 -2.78 220.63 164.59 438.32 250.66 1.71 1.65 3.97 -5.87 1.56 15.32 3.14 2.84
Car 0.0 0 0.46 102.88 174.94 416.77 272.21 1.48 1.62 4.31 -5.51 1.57 11.82 0.01 1.78
Car 0.0 0 -2.16 796.03 188.28 1271.43 377.28 1.42 1.62 3.85 2.77 1.64 5.75 -1.63 2.60
Car 0.0 0 -2.99 414.95 170.87 520.31 208.86 1.58 1.66 4.45 -6.07 1.51 31.03 3.10 0.29
Car 0.0 0 -2.98 402.89 172.80 516.74 213.07 1.50 1.59 4.37 -5.94 1.52 28.64 3.10 0.30
Car 0.0 0 1.00 1012.63 179.73 1174.76 253.62 1.49 1.62 4.11 13.07 1.83 19.80 1.59 0.17
Car 0.0 0 -2.94 381.34 173.43 510.00 218.60 1.49 1.56 4.21 -5.80 1.54 25.53 3.12 0.33
Car 0.0 0 2.19 3.77 183.45 109.65 237.27 1.37 1.44 3.28 -17.29 1.72 21.67 1.54 0.12
Car 0.0 0 1.50 624.36 169.11 650.18 191.32 1.63 1.63 3.74 1.98 1.34 53.55 1.54 0.16
