Car 0.0 0 -0.42 821.92 192.19 1034.32 268.28 1.46 1.61 3.75 6.72 1.92 15.64 -0.01 6.91
Car 0.0 0 -3.02 438.07 177.47 532.01 211.96 1.51 1.65 3.84 -5.55 1.71 32.09 3.09 1.81
Car 0.0 0 -0.40 713.37 184.02 813.98 226.76 1.45 1.63 3.74 5.50 1.88 26.41 -0.19 3.24
Car 0.0 0 -2.68 103.39 180.63 400.60 281.52 1.53 1.59 4.23 -6.03 1.72 12.43 -3.14 6.04
Car 0.0 0 -0.38 798.29 184.84 982.20 254.24 1.55 1.61 3.77 6.62 1.86 17.54 -0.01 4.91
Car 0.0 0 -2.83 322.05 175.64 479.56 234.47 1.58 1.64 4.08 -5.78 1.65 20.01 -3.11 1.44
Car 0.0 0 -1.67 639.04 181.92 673.29 209.86 1.43 1.63 3.87 2.51 1.95 39.96 -1.60 1.73
Car 0.0 0 0.46 269.70 177.38 464.08 251.53 1.56 1.67 3.98 -5.45 1.68 16.33 0.13 4.59
Car 0.0 0 -2.60 -12.59 181.40 316.41 308.51 1.47 1.68 4.25 -6.51 1.66 9.67 3.12 6.63
Car 0.0 0 -3.03 387.38 179.50 498.26 219.74 1.45 1.64 4.08 -6.18 1.69 26.74 3.03 0.32
Car 0.0 0 -3.05 451.99 178.57 538.30 210.25 1.51 1.73 4.00 -5.56 1.78 35.08 3.08 0.34
Car 0.0 0 -3.10 528.56 175.59 568.57 199.89 1.56 1.68 3.84 -4.03 1.74 47.87 3.10 0.21
Car 0.0 0 -2.96 346.11 178.19 487.54 230.14 1.53 1.62 4.08 -5.89 1.69 22.07 3.06 0.28
Car 0.0 0 -3.12 506.39 177.59 566.36 201.15 1.52 1.68 3.93 -4.79 1.81 46.98 3.06 0.16
Car 0.0 0 -2.93 313.47 178.07 479.63 238.08 1.56 1.62 3.99 -5.70 1.68 19.20 3.06 0.40
