Car 0.0 0 -2.81 220.84 174.50 455.42 257.23 1.57 1.61 4.26 -5.51 1.64 14.91 3.11 4.76
Car 0.0 0 1.36 687.33 183.99 777.67 248.57 1.40 1.64 3.74 2.86 1.69 17.93 1.52 5.79
Car 0.0 0 0.52 143.35 179.19 410.28 274.01 1.52 1.61 4.17 -5.83 1.68 12.93 0.09 7.55
Car 0.0 0 -0.36 744.50 174.63 888.72 228.17 1.59 1.66 4.48 6.54 1.68 23.41 -0.08 2.91
Car 0.0 0 -2.97 375.51 177.07 493.98 220.92 1.50 1.64 4.19 -6.44 1.71 26.70 3.07 0.87
Car 0.0 0 -2.85 299.84 178.91 476.18 237.97 1.50 1.61 4.16 -5.79 1.66 19.09 3.14 1.22
Car 0.0 0 -2.92 345.54 179.09 483.54 229.68 1.45 1.55 4.19 -6.15 1.69 22.81 3.10 0.45
Car 0.0 0 -2.95 353.02 179.08 487.56 226.37 1.46 1.58 4.15 -6.35 1.72 24.46 3.08 0.25
Car 0.0 0 -2.97 429.50 177.00 527.91 210.76 1.57 1.72 4.24 -5.97 1.73 33.28 3.14 0.21
Car 0.0 0 -2.95 396.08 176.05 503.39 216.65 1.61 1.68 4.16 -6.52 1.75 29.58 3.12 0.20
Car 0.0 0 1.50 633.04 174.17 662.63 198.53 1.53 1.68 3.95 2.44 1.62 47.63 1.55 0.25
Car 0.0 0 -2.99 467.95 177.68 545.36 206.24 1.48 1.72 3.97 -5.40 1.72 38.34 -3.13 0.10
Car 0.0 0 1.40 696.48 174.51 747.01 206.90 1.50 1.69 4.23 5.32 1.56 34.94 1.56 0.06
