Car 0.0 0 0.44 234.22 177.06 435.48 246.31 1.45 1.62 4.13 -6.45 1.61 17.07 0.08 4.76
Car 0.0 0 -2.85 340.97 165.82 488.20 229.53 1.81 1.68 3.95 -5.75 1.61 21.23 -3.12 3.33
Car 0.0 0 -1.76 678.17 184.42 768.20 246.00 1.41 1.62 3.71 2.72 1.71 18.57 -1.61 6.32
Car 0.0 0 1.40 652.87 175.74 703.44 218.95 1.57 1.59 3.64 2.54 1.69 28.25 1.50 2.23
Car 0.0 0 -2.90 388.01 176.14 504.94 219.59 1.52 1.61 3.86 -5.81 1.64 25.84 -3.13 1.28
Car 0.0 0 -3.00 457.85 175.58 539.87 207.09 1.54 1.69 3.91 -5.63 1.71 37.10 3.13 0.81
Car 0.0 0 -2.10 783.55 190.58 1205.10 372.71 1.45 1.59 3.52 2.88 1.71 6.51 -1.61 5.92
Car 0.0 0 -2.60 -27.97 172.09 318.17 316.02 1.57 1.65 4.41 -6.31 1.58 9.24 3.11 3.77
Car 0.0 0 -2.70 53.34 179.33 331.05 277.03 1.47 1.59 3.74 -6.99 1.62 12.32 3.05 1.02
Car 0.0 0 1.44 636.86 176.18 670.92 202.62 1.52 1.64 4.13 2.43 1.69 41.83 1.50 0.10
Car 0.0 0 -3.00 433.78 179.79 515.79 210.19 1.45 1.62 3.91 -6.28 1.74 33.66 3.09 0.20
Car 0.0 0 -3.06 497.98 173.53 561.97 197.99 1.55 1.74 4.17 -5.20 1.59 47.02 3.11 0.14
Car 0.0 0 -2.90 369.81 169.61 498.60 223.76 1.67 1.65 4.00 -5.89 1.62 23.99 -3.14 0.29
