Car 0.0 0 -1.73 652.77 172.76 707.87 217.54 1.68 1.64 3.89 2.65 1.66 28.57 -1.63 3.21
Car 0.0 0 1.25 722.69 192.90 913.18 303.46 1.37 1.55 4.08 3.03 1.74 11.71 1.53 8.18
Car 0.0 0 -2.95 397.46 171.88 511.68 217.40 1.64 1.65 4.04 -5.82 1.63 27.13 3.12 1.51
Car 0.0 0 -2.98 432.27 173.57 529.54 209.22 1.61 1.65 4.12 -5.95 1.65 33.83 3.13 0.49
Car 0.0 0 -2.95 419.03 174.07 524.15 212.61 1.58 1.60 4.16 -5.98 1.65 31.12 -3.14 0.47
Car 0.0 0 -2.56 -12.39 145.77 239.34 326.24 1.93 1.68 4.28 -7.34 1.71 9.77 3.12 1.38
Car 0.0 0 -2.84 350.04 177.10 490.39 227.23 1.49 1.60 3.94 -5.89 1.64 22.76 -3.10 0.37
Car 0.0 0 -2.82 375.93 177.20 500.58 221.88 1.48 1.60 3.85 -5.86 1.64 24.80 -3.05 0.45
Car 0.0 0 -3.00 463.98 174.06 536.78 204.76 1.62 1.67 4.10 -5.70 1.66 38.37 3.13 0.16
Car 0.0 0 -2.58 170.95 178.58 392.45 263.77 1.48 1.58 3.67 -6.59 1.67 14.55 -3.01 0.50
Car 0.0 0 1.44 631.39 174.89 660.30 197.04 1.51 1.64 3.80 2.41 1.64 50.13 1.49 0.14
