Car 0.0 0 -2.09 731.24 177.98 831.66 218.24 1.49 1.67 3.95 6.60 1.69 28.36 -1.85 3.13
Car 0.0 0 1.40 626.73 175.70 665.07 203.95 1.51 1.64 3.79 1.93 1.65 39.89 1.45 1.24
Car 0.0 0 -2.92 394.65 171.85 503.85 210.88 1.62 1.71 4.25 -6.85 1.60 31.10 3.14 0.69
Car 0.0 0 -2.87 282.13 164.97 462.52 236.51 1.76 1.78 4.38 -6.29 1.61 19.36 3.10 1.48
Car 0.0 0 -2.86 273.49 172.69 447.20 236.02 1.62 1.72 4.23 -6.49 1.64 19.10 3.09 1.22
Car 0.0 0 0.73 18.94 184.15 327.36 346.63 1.46 1.63 4.09 -5.63 1.66 8.26 0.18 4.23
Car 0.0 0 -2.99 418.40 174.57 507.02 207.38 1.49 1.64 4.30 -7.05 1.60 34.53 3.10 0.24
Car 0.0 0 -3.00 422.38 174.94 508.71 205.50 1.51 1.62 4.32 -7.21 1.60 36.37 3.09 0.18
Car 0.0 0 -2.74 153.87 180.01 406.11 265.63 1.47 1.58 4.24 -5.97 1.65 13.45 3.11 0.52
Car 0.0 0 -2.91 332.84 161.57 483.94 223.64 1.88 1.70 4.51 -6.36 1.57 22.76 3.10 0.28
Car 0.0 0 -2.86 222.21 176.38 416.69 243.28 1.53 1.67 4.05 -6.56 1.60 16.49 3.05 0.44
Car 0.0 0 1.44 612.03 174.46 643.45 197.94 1.53 1.65 4.09 1.12 1.65 49.09 1.47 0.19
