Car 0.0 0 -1.69 634.48 174.04 669.34 202.94 1.49 1.64 4.02 2.26 1.57 39.82 -1.63 1.56
Car 0.0 0 -0.45 852.72 171.88 1106.88 273.94 1.58 1.67 4.30 6.09 1.56 12.46 0.02 3.30
Car 0.0 0 2.09 773.57 178.07 940.25 254.53 1.45 1.62 3.88 5.17 1.58 15.49 2.42 1.04
Car 0.0 0 -1.96 775.81 187.67 1052.66 368.12 1.42 1.66 3.83 2.76 1.59 7.58 -1.56 9.25
Car 0.0 0 -2.88 311.76 171.74 465.06 229.37 1.62 1.66 4.08 -6.53 1.62 21.44 3.10 2.23
Car 0.0 0 -0.31 710.73 174.11 827.82 219.81 1.50 1.61 3.91 5.41 1.55 24.96 -0.10 1.41
Car 0.0 0 -2.76 124.29 175.71 409.32 256.46 1.51 1.61 4.27 -6.54 1.59 14.17 3.08 2.78
Car 0.0 0 -2.89 254.92 176.09 427.78 236.77 1.51 1.64 3.94 -6.86 1.62 18.78 3.04 1.03
Car 0.0 0 2.79 726.14 179.09 857.60 225.68 1.40 1.66 3.92 5.38 1.56 21.84 3.04 0.62
Car 0.0 0 0.64 -35.25 170.98 338.59 299.48 1.54 1.63 4.31 -5.59 1.50 8.84 0.08 1.74
Car 0.0 0 0.58 -8.92 173.27 286.45 336.36 1.58 1.64 3.97 -5.72 1.57 7.32 0.00 1.01
Car 0.0 0 2.11 760.52 178.88 893.67 239.56 1.44 1.63 3.86 5.30 1.57 18.08 2.40 0.17
Car 0.0 0 0.61 -44.14 170.43 318.30 307.73 1.56 1.60 4.26 -5.60 1.50 8.38 0.03 1.03
Car 0.0 0 -2.98 409.32 175.77 512.76 214.84 1.41 1.65 3.78 -5.45 1.51 26.76 3.10 0.22
Car 0.0 0 -3.00 448.76 175.43 526.43 203.37 1.43 1.63 3.91 -6.12 1.53 36.38 3.12 0.10
