Car 0.0 0 1.91 223.46 189.38 415.79 301.75 1.54 1.68 4.46 -4.76 1.86 12.46 1.53 10.63
Car 0.0 0 1.81 432.24 185.10 506.54 234.41 1.48 1.62 4.10 -4.64 1.90 24.05 1.62 4.18
Car 0.0 0 -1.79 715.98 180.10 809.79 245.54 1.53 1.64 3.99 3.76 1.72 18.62 -1.58 6.24
Car 0.0 0 -1.86 758.57 181.02 907.49 279.46 1.52 1.58 3.53 3.78 1.68 13.03 -1.55 10.41
Car 0.0 0 -1.75 697.30 177.84 762.06 228.31 1.54 1.65 3.96 3.88 1.72 24.24 -1.59 3.05
Car 0.0 0 1.75 517.55 179.42 558.92 209.24 1.57 1.64 3.88 -4.05 1.96 41.08 1.65 1.74
Car 0.0 0 1.84 366.32 186.19 476.65 253.98 1.54 1.67 4.11 -4.74 1.89 18.57 1.58 6.75
Car 0.0 0 -2.07 842.38 189.44 1238.47 377.92 1.50 1.66 3.99 3.81 1.70 7.38 -1.53 10.88
Car 0.0 0 -1.71 685.58 177.22 728.93 212.37 1.55 1.65 3.76 4.53 1.79 34.37 -1.58 0.71
Car 0.0 0 -1.72 694.81 177.85 750.45 221.84 1.52 1.66 3.72 4.24 1.75 27.96 -1.56 0.31
