Car 0.0 0 -1.82 740.92 181.50 845.47 258.68 1.54 1.57 3.52 4.01 1.77 16.56 -1.57 7.07
Car 0.0 0 -1.89 789.20 191.73 991.53 312.72 1.45 1.60 3.99 3.94 1.76 11.00 -1.52 12.08
Car 0.0 0 1.80 468.17 186.66 531.35 230.36 1.52 1.67 3.93 -4.05 2.03 26.89 1.65 4.42
Car 0.0 0 -1.69 687.47 180.88 732.42 216.34 1.56 1.67 4.08 4.58 1.94 33.95 -1.55 1.03
Car 0.0 0 1.78 506.24 184.60 553.36 220.81 1.57 1.63 4.05 -3.71 2.13 33.73 1.67 1.61
Car 0.0 0 -1.74 701.47 182.63 758.21 223.91 1.54 1.65 3.89 4.57 1.91 28.38 -1.58 1.54
Car 0.0 0 -1.76 717.11 185.14 793.10 237.38 1.50 1.63 3.64 4.32 1.87 22.34 -1.56 2.04
Car 0.0 0 -1.78 720.09 184.05 787.82 237.59 1.51 1.62 3.51 4.33 1.87 22.38 -1.58 0.42
Car 0.0 0 1.76 517.51 184.70 562.75 216.88 1.59 1.64 4.21 -3.51 2.16 36.64 1.66 0.12
Car 0.0 0 -1.79 718.60 183.57 787.67 236.38 1.51 1.62 3.49 4.36 1.86 22.56 -1.59 0.38
