Car 0.0 0 -1.69 634.71 172.43 670.41 202.25 1.50 1.64 3.96 2.23 1.48 38.69 -1.63 1.76
Car 0.0 0 -2.88 293.43 167.84 459.27 229.89 1.67 1.68 4.21 -6.83 1.59 21.28 3.09 2.59
Car 0.0 0 -0.42 787.88 178.76 943.92 250.29 1.45 1.60 3.60 5.38 1.57 15.69 -0.08 1.19
Car 0.0 0 -2.04 786.31 181.17 1154.53 382.26 1.45 1.68 3.91 2.79 1.59 6.68 -1.58 6.07
Car 0.0 0 -2.74 131.15 174.26 394.15 257.06 1.49 1.61 4.27 -6.61 1.57 14.13 3.09 3.94
Car 0.0 0 -0.48 812.58 175.09 1026.36 268.83 1.54 1.59 4.08 5.69 1.60 13.36 -0.07 1.25
Car 0.0 0 -0.30 713.58 171.93 830.73 219.52 1.57 1.64 3.89 5.43 1.53 24.61 -0.08 1.40
Car 0.0 0 -0.43 874.37 168.07 1125.99 290.72 1.61 1.73 4.29 5.93 1.59 11.44 0.07 0.98
Car 0.0 0 -3.00 410.39 173.01 515.21 213.28 1.38 1.60 3.62 -5.44 1.40 26.60 3.08 0.56
Car 0.0 0 -2.88 254.57 173.09 428.40 234.78 1.52 1.64 3.92 -6.94 1.58 18.99 3.05 1.04
Car 0.0 0 -2.86 224.30 175.20 414.33 241.20 1.49 1.60 4.01 -6.94 1.58 17.52 3.04 1.08
Car 0.0 0 2.74 727.03 177.28 852.30 224.70 1.44 1.66 3.86 5.42 1.55 22.17 2.98 0.90
Car 0.0 0 -3.03 452.33 173.29 525.18 199.11 1.43 1.63 3.91 -6.57 1.43 39.29 3.08 0.27
Car 0.0 0 2.78 744.34 175.92 891.67 229.12 1.45 1.66 4.02 5.87 1.54 20.77 3.06 0.61
