0.000000 1.000000 1.000000 1.000000
0.025000 1.000000 1.000000 1.000000
0.050000 1.000000 1.000000 1.000000
0.075000 1.000000 1.000000 1.000000
0.100000 1.000000 1.000000 1.000000
0.125000 1.000000 1.000000 0.999271
0.150000 1.000000 1.000000 0.998786
0.175000 1.000000 0.999275 0.997922
0.200000 1.000000 0.998733 0.997271
0.225000 1.000000 0.998313 0.996375
0.250000 1.000000 0.997471 0.996375
0.275000 1.000000 0.996783 0.996063
0.300000 0.998944 0.996206 0.996063
0.325000 0.998944 0.996113 0.995253
0.350000 0.998037 0.995668 0.994309
0.375000 0.997427 0.995618 0.993492
0.400000 0.997427 0.994641 0.992532
0.425000 0.996772 0.994355 0.991504
0.450000 0.996209 0.992445 0.990776
0.475000 0.995690 0.992320 0.989360
0.500000 0.995215 0.990943 0.987216
0.525000 0.994302 0.989240 0.985453
0.550000 0.994302 0.988592 0.983545
0.575000 0.994302 0.985662 0.980868
0.600000 0.994302 0.984200 0.977290
0.625000 0.993176 0.982057 0.971939
0.650000 0.993176 0.978963 0.967160
0.675000 0.992926 0.975431 0.960342
0.700000 0.991719 0.970800 0.953214
0.725000 0.991545 0.964587 0.945409
0.750000 0.990468 0.958522 0.934916
0.775000 0.989030 0.950093 0.921061
0.800000 0.988530 0.940782 0.891700
0.825000 0.988071 0.927970 0.821351
0.850000 0.985663 0.914879 0.000000
0.875000 0.982246 0.886659 0.000000
0.900000 0.979775 0.782493 0.000000
0.925000 0.969730 0.000000 0.000000
0.950000 0.941377 0.000000 0.000000
0.975000 0.767765 0.000000 0.000000
1.000000 0.000000 0.000000 0.000000
