Car 0.0 0 -1.72 678.76 180.16 740.76 226.55 1.43 1.55 3.79 3.21 1.68 24.10 -1.58 4.56
Car 0.0 0 -1.92 740.52 174.11 936.10 302.18 1.59 1.69 4.02 3.17 1.63 10.97 -1.61 11.58
Car 0.0 0 0.34 354.06 174.76 501.41 230.06 1.56 1.65 4.00 -5.35 1.64 21.44 0.09 3.34
Car 0.0 0 -2.73 184.72 180.84 401.43 257.62 1.49 1.60 3.79 -6.79 1.73 15.70 -3.14 6.06
Car 0.0 0 -2.15 827.83 179.84 1259.08 373.05 1.48 1.58 3.63 3.05 1.62 5.94 -1.61 5.63
Car 0.0 0 -2.63 -3.93 179.79 290.70 307.95 1.47 1.65 4.38 -6.72 1.63 9.56 3.08 6.45
Car 0.0 0 -2.85 274.30 177.69 461.68 245.40 1.50 1.60 4.10 -5.84 1.67 17.65 3.11 3.94
Car 0.0 0 -2.96 422.81 175.83 532.65 213.42 1.51 1.68 3.94 -5.25 1.59 28.78 3.14 0.71
Car 0.0 0 -2.91 375.66 175.46 510.12 226.21 1.51 1.57 4.10 -5.51 1.65 23.82 -3.14 0.58
Car 0.0 0 -2.93 402.20 175.16 517.31 217.83 1.56 1.66 3.89 -5.38 1.62 26.03 -3.14 0.35
