Car 0.0 0 1.74 524.38 173.27 567.61 204.51 1.55 1.66 4.03 -3.27 1.57 37.58 1.65 2.57
Car 0.0 0 1.98 180.32 189.32 396.29 321.45 1.49 1.61 4.06 -4.52 1.79 10.73 1.56 12.44
Car 0.0 0 -1.71 706.95 170.75 761.61 215.67 1.61 1.66 3.90 4.63 1.55 27.61 -1.54 1.89
Car 0.0 0 -1.75 725.47 174.50 791.79 228.93 1.52 1.63 3.72 4.30 1.56 21.43 -1.55 2.06
Car 0.0 0 -1.74 724.89 174.63 794.87 229.90 1.51 1.63 3.76 4.30 1.56 21.45 -1.54 1.94
Car 0.0 0 -1.66 688.08 171.05 721.68 198.97 1.55 1.63 3.83 5.45 1.47 42.09 -1.53 0.33
Car 0.0 0 -1.72 707.14 171.95 763.35 215.29 1.56 1.65 3.79 4.67 1.53 27.70 -1.55 0.70
Car 0.0 0 2.14 -5.53 209.24 264.68 384.88 1.49 1.59 3.51 -4.56 1.80 6.14 1.56 1.48
Car 0.0 0 1.74 552.34 171.54 586.09 198.99 1.63 1.64 4.27 -2.53 1.57 45.46 1.68 0.21
Car 0.0 0 -1.87 742.92 165.94 878.67 260.69 1.66 1.68 4.18 3.79 1.55 14.54 -1.60 0.84
