Car 0.0 0 -1.71 678.05 180.85 735.46 224.16 1.44 1.57 3.92 3.34 1.72 25.81 -1.57 3.60
Car 0.0 0 -1.85 728.06 174.25 878.18 280.26 1.62 1.70 4.12 3.24 1.65 13.01 -1.58 10.10
Car 0.0 0 -2.02 790.38 182.00 1070.70 365.18 1.54 1.58 3.38 3.16 1.68 8.01 -1.60 14.82
Car 0.0 0 0.35 379.64 177.11 510.16 226.02 1.52 1.63 4.00 -5.39 1.68 23.62 0.13 2.60
Car 0.0 0 -2.66 17.88 179.39 347.12 285.31 1.47 1.63 4.30 -6.61 1.65 11.51 3.09 9.68
Car 0.0 0 -2.77 245.71 179.88 429.10 249.00 1.51 1.57 3.52 -6.44 1.72 17.24 -3.13 5.76
Car 0.0 0 -2.86 316.89 178.74 483.49 239.41 1.51 1.60 4.11 -5.63 1.71 19.48 3.14 3.90
Car 0.0 0 -2.97 433.35 176.53 539.99 212.21 1.49 1.70 4.30 -5.21 1.63 30.76 -3.14 0.66
Car 0.0 0 -2.94 410.64 176.89 524.88 218.32 1.53 1.63 4.13 -5.39 1.69 27.57 -3.13 0.27
Car 0.0 0 -3.06 475.53 178.37 554.80 206.76 1.45 1.64 4.26 -4.68 1.67 35.78 3.09 0.07
