Car 0.0 0 -1.74 660.77 175.29 737.60 237.24 1.68 1.69 4.12 2.53 1.78 21.86 -1.61 4.58
Car 0.0 0 -2.88 359.76 175.38 494.83 226.19 1.73 1.69 4.23 -6.26 1.82 24.89 -3.13 1.26
Car 0.0 0 -2.90 294.81 181.17 469.98 244.44 1.59 1.65 4.15 -5.99 1.85 19.30 3.08 2.62
Car 0.0 0 -2.90 350.39 177.20 489.58 229.11 1.63 1.65 4.18 -6.27 1.81 23.94 3.12 1.00
Car 0.0 0 -1.70 649.86 180.83 696.56 219.72 1.52 1.61 3.71 2.53 1.87 30.20 -1.62 0.80
Car 0.0 0 -2.75 85.57 187.01 420.59 288.12 1.49 1.63 4.03 -5.42 1.74 11.47 3.07 1.28
Car 0.0 0 -3.00 447.89 179.07 526.01 209.47 1.64 1.73 4.05 -6.55 1.95 38.76 3.12 0.22
Car 0.0 0 -3.01 467.72 178.91 534.58 205.89 1.64 1.72 3.99 -6.43 1.97 43.53 3.13 0.21
Car 0.0 0 -2.85 242.79 182.79 448.62 249.86 1.52 1.60 4.21 -6.13 1.80 17.27 3.08 0.97
Car 0.0 0 -2.94 412.41 178.18 517.68 218.09 1.65 1.65 4.14 -6.14 1.88 30.89 -3.14 0.22
Car 0.0 0 1.43 628.79 179.28 658.44 203.06 1.53 1.61 3.91 2.14 1.94 47.33 1.48 0.17
Car 0.0 0 -2.83 219.22 182.36 445.66 253.09 1.51 1.55 4.16 -5.99 1.73 15.84 3.09 0.36
Car 0.0 0 -2.91 355.56 177.34 492.49 228.22 1.69 1.69 4.19 -6.19 1.83 24.32 3.12 0.23
