Car 0.0 0 -2.90 313.68 172.27 467.23 231.75 1.69 1.70 4.12 -6.68 1.73 22.14 3.09 2.51
Car 0.0 0 0.54 826.74 171.83 1066.90 266.50 1.59 1.67 4.43 6.07 1.60 13.57 0.98 3.04
Car 0.0 0 -1.67 634.64 177.14 668.41 205.44 1.47 1.62 3.84 2.24 1.71 39.81 -1.61 1.35
Car 0.0 0 2.13 768.04 180.71 901.16 250.28 1.45 1.62 3.94 5.04 1.62 16.71 2.43 0.84
Car 0.0 0 -2.80 188.78 182.10 417.96 254.74 1.45 1.59 4.26 -6.31 1.68 15.21 3.09 3.07
Car 0.0 0 -0.30 711.03 178.08 814.61 223.73 1.46 1.63 3.84 5.21 1.66 25.03 -0.10 0.81
Car 0.0 0 0.59 -2.65 181.13 313.25 321.95 1.56 1.60 3.95 -5.93 1.64 8.54 0.03 1.82
Car 0.0 0 -2.69 35.85 179.15 385.70 292.05 1.49 1.60 4.33 -5.84 1.66 10.86 3.09 3.01
Car 0.0 0 -2.89 308.30 177.13 457.17 232.69 1.53 1.67 3.84 -6.67 1.70 21.35 3.09 1.07
Car 0.0 0 -2.97 416.89 179.55 524.19 217.95 1.39 1.66 3.96 -5.16 1.63 27.11 3.12 0.93
Car 0.0 0 1.22 791.84 178.49 949.39 257.21 1.50 1.61 3.93 5.85 1.68 16.37 1.56 0.18
Car 0.0 0 -3.00 379.92 178.75 505.23 221.17 1.45 1.71 4.14 -5.99 1.66 25.81 3.06 0.33
Car 0.0 0 2.11 750.16 181.86 887.31 238.90 1.43 1.61 3.82 5.32 1.63 18.77 2.40 0.13
