Car 0.0 0 -1.78 668.27 174.00 768.10 249.06 1.67 1.73 4.15 2.49 1.71 18.11 -1.63 5.42
Car 0.0 0 -2.92 329.29 172.42 480.49 230.28 1.71 1.70 4.26 -6.22 1.71 22.00 3.09 1.09
Car 0.0 0 -2.93 287.03 174.61 454.89 239.12 1.61 1.64 4.05 -6.21 1.69 18.94 3.04 1.41
Car 0.0 0 -2.95 367.16 173.49 500.26 223.22 1.65 1.64 4.38 -6.12 1.70 25.19 3.10 0.77
Car 0.0 0 -2.83 216.05 180.99 434.47 255.70 1.51 1.59 4.22 -6.16 1.75 15.90 3.07 3.60
Car 0.0 0 1.40 653.13 180.88 706.49 222.76 1.50 1.62 3.64 2.51 1.79 27.39 1.50 0.58
Car 0.0 0 -2.76 96.18 180.72 381.88 272.01 1.53 1.60 4.03 -6.20 1.68 12.50 3.05 2.34
Car 0.0 0 -3.03 448.64 174.60 526.40 205.83 1.56 1.70 3.74 -6.39 1.68 38.11 3.08 0.40
Car 0.0 0 1.42 632.88 178.13 666.51 204.83 1.51 1.58 3.64 2.22 1.82 42.13 1.47 0.35
Car 0.0 0 -3.02 424.35 176.59 514.60 210.91 1.53 1.65 4.13 -6.39 1.71 33.08 3.07 0.23
Car 0.0 0 -2.94 294.28 176.24 458.54 236.31 1.58 1.66 4.03 -6.17 1.66 19.15 3.03 0.48
Car 0.0 0 -3.03 464.90 174.16 535.40 202.61 1.57 1.71 3.81 -6.06 1.64 40.61 3.10 0.18
Car 0.0 0 1.40 658.87 179.44 714.73 227.14 1.53 1.61 3.69 2.56 1.80 25.73 1.51 0.32
Car 0.0 0 -2.95 349.52 174.23 494.65 227.32 1.66 1.65 4.30 -6.16 1.74 24.00 3.08 0.32
Car 0.0 0 -2.68 -7.57 179.68 351.20 303.46 1.53 1.63 4.10 -6.03 1.70 10.36 3.06 0.25
