Car 0.0 0 -1.79 706.83 184.84 825.13 269.63 1.44 1.68 3.94 2.94 1.71 14.91 -1.57 5.29
Car 0.0 0 -2.68 773.84 186.81 889.68 234.62 1.41 1.62 3.76 7.08 1.88 23.39 -2.38 2.30
Car 0.0 0 -2.72 111.90 174.18 410.10 279.23 1.56 1.64 4.31 -5.87 1.66 12.39 3.11 5.26
Car 0.0 0 -2.82 319.27 176.68 497.21 237.56 1.48 1.69 4.09 -5.18 1.60 18.66 -3.09 3.00
Car 0.0 0 -3.00 453.03 178.48 531.07 207.80 1.40 1.63 3.78 -5.61 1.65 34.47 3.12 1.03
Car 0.0 0 2.93 701.16 177.08 800.58 221.81 1.57 1.72 4.35 5.88 1.87 30.55 3.13 0.33
Car 0.0 0 0.44 196.24 177.23 422.14 260.91 1.49 1.52 4.01 -5.94 1.63 14.37 0.05 1.61
Car 0.0 0 -2.63 -13.36 187.66 315.37 305.24 1.44 1.51 4.00 -6.28 1.62 9.70 3.09 1.65
Car 0.0 0 1.73 475.06 176.48 539.93 204.28 1.46 1.66 4.05 -5.42 1.65 38.77 1.59 0.15
Car 0.0 0 1.73 502.79 171.40 555.87 199.43 1.62 1.69 4.14 -5.07 1.58 45.93 1.62 0.15
