Car 0.0 0 0.15 399.91 171.29 514.82 212.83 1.52 1.63 3.83 -5.64 1.46 26.78 -0.05 1.95
Car 0.0 0 1.37 670.66 169.18 753.30 237.67 1.68 1.59 3.70 2.56 1.59 19.37 1.51 4.08
Car 0.0 0 -1.89 719.31 186.91 926.44 312.40 1.42 1.62 3.95 2.73 1.64 10.27 -1.61 7.73
Car 0.0 0 1.44 649.17 173.68 692.72 206.70 1.45 1.62 3.94 2.77 1.51 34.11 1.53 1.06
Car 0.0 0 -2.67 174.96 171.52 434.63 262.87 1.48 1.62 4.33 -5.64 1.56 13.83 -3.07 1.69
Car 0.0 0 -3.01 425.35 172.06 523.13 208.59 1.46 1.65 4.05 -5.65 1.44 30.24 3.09 0.50
Car 0.0 0 -2.52 127.30 175.88 327.85 262.02 1.44 1.62 3.68 -7.37 1.56 14.41 -3.01 1.74
Car 0.0 0 -3.01 426.06 170.56 526.86 207.61 1.51 1.68 4.02 -5.67 1.43 30.89 3.09 0.42
Car 0.0 0 0.39 308.92 167.83 474.70 229.87 1.59 1.69 4.05 -5.69 1.48 19.20 0.10 0.42
Car 0.0 0 0.42 290.35 171.12 472.35 233.48 1.50 1.62 4.11 -5.63 1.47 18.07 0.11 0.46
Car 0.0 0 2.13 93.17 172.38 236.83 222.63 1.42 1.62 4.15 -14.38 1.46 23.41 1.58 0.17
