Car 0.0 0 -1.71 663.41 174.04 734.13 227.69 1.45 1.67 4.17 2.54 1.50 21.76 -1.59 5.19
Car 0.0 0 0.44 207.03 174.04 440.03 251.18 1.43 1.60 4.27 -5.82 1.51 14.94 0.07 2.80
Car 0.0 0 0.39 362.60 169.21 504.93 221.57 1.61 1.62 4.01 -5.50 1.49 22.55 0.15 1.24
Car 0.0 0 -2.99 428.25 172.88 521.21 207.10 1.43 1.58 3.77 -5.68 1.41 30.41 3.11 0.36
Car 0.0 0 -3.04 462.50 171.40 542.15 199.74 1.50 1.62 3.84 -5.42 1.38 36.63 3.10 0.33
Car 0.0 0 -2.64 11.95 180.77 317.85 282.89 1.45 1.53 3.54 -6.95 1.64 11.57 3.09 1.03
Car 0.0 0 -3.03 479.22 170.62 546.27 197.59 1.54 1.64 3.82 -5.33 1.37 40.37 3.12 0.16
Car 0.0 0 1.21 729.33 171.65 814.88 222.57 1.51 1.61 3.75 5.52 1.53 25.22 1.43 0.38
Car 0.0 0 -2.59 -9.85 180.63 299.10 311.41 1.47 1.56 4.08 -5.74 1.48 8.03 3.12 1.06
Car 0.0 0 1.20 733.37 173.34 817.10 223.20 1.48 1.60 3.69 5.53 1.55 24.77 1.43 0.25
