Car 0.0 0 -1.72 679.92 175.96 755.29 229.41 1.61 1.69 3.82 3.38 1.72 23.52 -1.58 3.58
Car 0.0 0 -1.77 702.16 175.71 798.88 245.84 1.56 1.64 3.60 3.36 1.66 18.16 -1.58 6.83
Car 0.0 0 1.85 374.68 190.18 464.55 242.99 1.48 1.67 3.89 -5.87 2.03 22.50 1.60 5.09
Car 0.0 0 1.93 241.47 198.06 394.87 279.36 1.44 1.71 4.27 -6.14 2.02 15.61 1.55 8.04
Car 0.0 0 2.13 -5.22 208.65 275.90 358.67 1.45 1.60 3.77 -5.94 1.98 9.32 1.55 8.35
Car 0.0 0 1.81 483.75 184.20 527.23 212.18 1.43 1.52 3.52 -5.69 2.06 39.36 1.67 1.31
Car 0.0 0 -1.66 662.57 179.70 710.87 212.37 1.43 1.58 3.66 3.36 1.72 32.44 -1.55 1.24
Car 0.0 0 1.80 429.88 186.37 495.36 227.40 1.45 1.64 4.01 -5.66 1.99 27.96 1.60 2.14
Car 0.0 0 2.51 1044.93 133.84 1284.45 241.96 1.72 1.71 4.25 10.21 1.08 12.37 -3.12 3.48
Car 0.0 0 -0.53 986.02 135.29 1232.53 228.47 1.77 1.65 4.02 10.38 1.04 15.00 0.08 1.69
Car 0.0 0 2.60 920.95 147.44 1126.12 221.04 1.68 1.68 3.95 9.89 1.07 17.60 3.12 0.98
Car 0.0 0 -1.62 654.09 179.03 693.03 207.63 1.47 1.64 3.75 3.30 1.79 38.31 -1.53 0.24
