Car 0.0 0 -1.73 659.03 175.79 723.44 224.01 1.45 1.65 4.04 2.53 1.55 23.66 -1.61 4.48
Car 0.0 0 0.41 190.45 174.55 428.99 252.06 1.48 1.58 4.21 -5.91 1.55 14.70 0.01 1.92
Car 0.0 0 -2.66 -6.44 179.00 347.46 279.94 1.43 1.51 4.15 -6.12 1.48 10.24 3.08 3.60
Car 0.0 0 0.64 -14.07 167.69 284.59 326.97 1.53 1.65 4.19 -6.45 1.54 8.36 0.06 2.70
Car 0.0 0 -2.89 283.43 170.83 454.52 234.12 1.51 1.52 3.87 -5.94 1.48 18.15 3.07 0.78
Car 0.0 0 0.36 380.18 167.67 511.31 218.23 1.60 1.61 3.92 -5.45 1.45 23.89 0.13 0.80
Car 0.0 0 -3.03 465.70 172.11 543.50 200.26 1.49 1.63 3.77 -5.35 1.41 36.92 3.11 0.32
Car 0.0 0 -2.91 273.07 172.43 451.04 235.31 1.47 1.51 3.94 -6.08 1.49 17.93 3.04 0.63
Car 0.0 0 -3.04 476.78 172.58 541.31 199.04 1.49 1.63 3.72 -5.32 1.42 38.85 3.10 0.23
Car 0.0 0 1.21 724.27 172.88 817.53 230.42 1.51 1.62 3.69 4.75 1.58 21.97 1.43 0.32
Car 0.0 0 1.17 725.37 173.72 828.78 233.62 1.50 1.63 3.84 4.82 1.60 21.30 1.40 0.28
Car 0.0 0 -2.74 106.12 175.57 377.59 266.60 1.46 1.52 3.93 -6.92 1.60 13.62 3.08 0.72
Car 0.0 0 -0.44 754.75 177.45 992.89 271.71 1.46 1.69 4.33 3.98 1.50 11.20 -0.09 0.14
