Car 0.0 0 -1.75 664.47 185.15 725.09 229.92 1.44 1.54 3.50 2.78 1.86 24.80 -1.63 4.55
Car 0.0 0 -2.96 394.09 172.00 516.70 220.46 1.75 1.73 4.21 -5.88 1.75 27.31 3.11 2.10
Car 0.0 0 -1.86 714.28 188.07 862.75 290.71 1.48 1.58 3.42 2.85 1.77 12.39 -1.61 9.80
Car 0.0 0 0.35 339.42 179.88 480.55 230.91 1.47 1.62 4.01 -6.11 1.72 22.24 0.08 2.90
Car 0.0 0 -2.08 776.79 197.33 1128.39 378.68 1.45 1.56 3.54 2.84 1.76 7.08 -1.64 9.02
Car 0.0 0 -2.81 186.35 177.59 430.41 259.27 1.55 1.55 4.35 -6.12 1.68 14.91 3.07 2.98
Car 0.0 0 1.43 645.93 179.27 686.95 214.44 1.60 1.61 3.87 2.55 1.90 34.29 1.51 0.86
Car 0.0 0 -3.02 491.95 178.61 557.34 205.35 1.60 1.68 3.77 -5.08 1.91 43.26 -3.14 0.29
Car 0.0 0 0.47 80.06 166.18 405.63 277.50 1.74 1.70 4.18 -5.56 1.63 11.34 -0.00 1.64
Car 0.0 0 -2.98 463.46 181.91 534.64 210.08 1.52 1.63 3.53 -5.88 1.98 38.58 -3.13 0.17
