Car 0.0 0 1.41 658.91 176.15 714.69 219.15 1.46 1.57 3.74 2.69 1.59 26.65 1.52 3.10
Car 0.0 0 -2.88 338.61 173.78 479.40 229.03 1.55 1.58 3.75 -5.74 1.57 20.75 3.14 3.31
Car 0.0 0 -2.89 363.66 173.72 500.45 221.72 1.50 1.57 4.30 -5.78 1.54 23.64 -3.13 1.56
Car 0.0 0 -1.87 705.29 168.71 848.40 282.87 1.73 1.65 3.84 2.68 1.66 12.70 -1.64 8.15
Car 0.0 0 0.51 46.56 172.08 387.86 286.78 1.58 1.66 4.24 -5.95 1.65 11.33 0.01 4.05
Car 0.0 0 -2.74 180.44 162.33 410.98 263.16 1.77 1.62 3.92 -5.94 1.59 13.71 3.13 3.65
Car 0.0 0 -2.89 364.15 173.79 499.19 223.13 1.50 1.56 4.24 -5.76 1.55 23.41 -3.13 1.06
Car 0.0 0 -2.97 427.43 170.52 522.76 206.26 1.70 1.70 4.38 -6.30 1.56 33.92 3.13 0.23
Car 0.0 0 -2.97 404.63 172.96 510.99 212.67 1.51 1.62 4.32 -6.12 1.54 29.20 3.11 0.31
Car 0.0 0 -2.90 361.82 174.23 499.39 222.20 1.50 1.56 4.19 -5.90 1.57 24.04 3.14 0.32
Car 0.0 0 0.59 -10.18 179.88 319.79 313.30 1.55 1.61 3.73 -5.96 1.67 9.49 0.03 0.28
Car 0.0 0 1.52 624.45 169.94 650.56 192.31 1.63 1.66 3.91 1.99 1.40 53.44 1.56 0.16
