Car 0.0 0 -1.64 649.21 178.53 683.58 206.78 1.44 1.56 3.56 3.02 1.77 39.29 -1.56 1.55
Car 0.0 0 -2.77 145.68 185.29 403.01 269.75 1.44 1.67 4.20 -6.49 1.78 14.33 3.07 6.35
Car 0.0 0 -2.86 372.96 181.38 505.70 226.50 1.46 1.64 4.14 -5.54 1.74 23.71 -3.10 1.19
Car 0.0 0 -2.13 763.88 177.86 1204.57 379.22 1.57 1.70 3.99 2.49 1.59 5.95 -1.65 5.17
Car 0.0 0 0.55 23.65 192.29 298.78 284.71 1.45 1.58 4.10 -8.19 1.88 13.04 -0.00 0.87
Car 0.0 0 0.33 370.81 181.07 507.34 227.07 1.47 1.64 4.14 -5.49 1.72 23.27 0.10 0.73
Car 0.0 0 -3.01 466.81 171.98 552.60 206.39 1.75 1.68 4.28 -5.08 1.68 36.90 3.14 0.21
Car 0.0 0 -2.99 443.44 171.74 543.83 211.53 1.77 1.67 4.39 -5.19 1.70 32.46 3.14 0.29
Car 0.0 0 -2.96 403.74 177.15 521.64 222.03 1.59 1.62 4.27 -5.51 1.79 27.11 3.12 0.30
Car 0.0 0 1.49 631.19 168.43 661.63 196.18 1.88 1.66 4.03 2.29 1.53 46.37 1.54 0.19
