Car 0.0 0 -1.70 655.25 178.20 715.61 223.32 1.47 1.64 3.97 2.53 1.66 25.55 -1.59 3.61
Car 0.0 0 0.37 249.32 178.01 448.87 245.70 1.49 1.61 4.19 -6.09 1.65 17.12 0.02 2.34
Car 0.0 0 -2.73 122.83 183.46 381.36 270.28 1.46 1.52 3.90 -6.36 1.66 13.00 3.09 2.32
Car 0.0 0 -2.90 314.33 174.16 471.08 233.75 1.56 1.58 3.79 -5.92 1.62 19.87 3.09 0.81
Car 0.0 0 0.37 392.22 171.60 517.20 219.50 1.63 1.63 3.92 -5.47 1.59 25.25 0.15 0.64
Car 0.0 0 0.58 -24.16 177.02 325.54 297.07 1.56 1.61 4.10 -6.63 1.67 10.55 0.01 2.44
Car 0.0 0 -1.76 718.46 179.18 821.01 242.03 1.48 1.65 3.94 4.03 1.68 19.02 -1.54 0.28
Car 0.0 0 -2.92 306.85 177.18 469.45 234.54 1.52 1.55 3.74 -5.93 1.61 19.56 3.07 0.49
Car 0.0 0 -3.04 461.29 177.55 535.51 204.62 1.45 1.62 3.69 -5.57 1.62 36.05 3.09 0.14
Car 0.0 0 -3.06 485.67 176.15 543.97 201.40 1.50 1.66 3.78 -5.31 1.62 40.85 3.09 0.15
Car 0.0 0 -1.70 725.68 178.73 842.35 252.02 1.48 1.66 4.04 3.72 1.62 16.05 -1.47 0.19
Car 0.0 0 -2.76 104.15 183.85 377.84 270.67 1.47 1.55 3.92 -6.38 1.66 12.74 3.05 0.56
