Car 0.0 0 0.50 142.44 172.97 397.67 263.08 1.48 1.64 4.19 -6.38 1.56 13.80 0.06 6.36
Car 0.0 0 1.39 655.37 173.21 709.38 222.35 1.59 1.61 3.69 2.47 1.63 25.88 1.49 3.07
Car 0.0 0 0.35 351.54 172.76 492.40 223.95 1.57 1.64 4.30 -5.81 1.56 22.43 0.09 1.75
Car 0.0 0 1.32 688.39 183.26 801.01 259.70 1.42 1.59 3.69 2.68 1.66 15.61 1.50 8.42
Car 0.0 0 -2.82 290.76 162.80 462.53 238.52 1.83 1.65 3.90 -5.94 1.60 18.53 -3.13 4.14
Car 0.0 0 -2.98 445.15 173.26 533.61 207.37 1.56 1.68 3.96 -5.80 1.62 35.24 3.13 0.66
Car 0.0 0 -2.97 392.13 177.89 500.90 215.68 1.46 1.56 4.11 -6.49 1.66 28.71 3.09 0.52
Car 0.0 0 -3.05 488.34 172.00 555.07 197.38 1.55 1.73 4.13 -5.53 1.49 45.37 3.12 0.31
Car 0.0 0 -3.00 433.67 176.43 520.30 209.13 1.47 1.62 3.87 -6.19 1.65 33.84 3.10 0.39
Car 0.0 0 -2.62 -3.79 184.48 225.84 320.04 1.52 1.62 3.41 -6.15 1.57 8.23 3.06 0.65
Car 0.0 0 1.46 637.47 174.88 675.47 205.16 1.53 1.65 3.91 2.34 1.64 38.09 1.53 0.07
Car 0.0 0 -2.94 368.12 176.97 498.02 220.96 1.48 1.54 4.19 -6.33 1.66 26.08 3.11 0.21
