Car 0.0 0 -1.75 678.86 178.44 782.29 258.60 1.54 1.64 3.62 2.39 1.66 15.51 -1.59 8.02
Car 0.0 0 1.39 660.53 182.03 729.08 234.77 1.45 1.63 3.79 2.41 1.73 21.82 1.51 2.58
Car 0.0 0 -2.81 228.80 184.34 434.35 252.23 1.47 1.54 4.22 -6.19 1.73 16.18 3.10 3.15
Car 0.0 0 0.44 130.69 181.23 406.53 275.74 1.53 1.62 4.19 -6.02 1.74 13.04 0.00 3.22
Car 0.0 0 -2.79 379.80 182.51 487.93 224.77 1.46 1.56 3.39 -6.19 1.79 25.40 -3.03 1.73
Car 0.0 0 0.10 451.28 177.92 536.34 208.81 1.50 1.65 3.98 -5.84 1.77 36.57 -0.06 0.53
Car 0.0 0 -2.95 397.69 177.85 512.69 225.26 1.57 1.67 3.77 -5.57 1.80 26.13 3.12 0.44
Car 0.0 0 -2.61 -30.92 158.11 293.43 329.64 1.87 1.76 4.51 -6.24 1.69 8.60 3.09 3.73
Car 0.0 0 1.41 645.90 177.38 694.04 217.94 1.55 1.56 3.31 2.33 1.75 29.76 1.49 0.59
Car 0.0 0 0.18 426.93 177.17 526.31 214.31 1.55 1.67 4.04 -5.92 1.78 32.14 -0.00 0.26
Car 0.0 0 1.45 635.26 178.02 673.82 207.71 1.51 1.66 3.85 2.21 1.76 37.82 1.51 0.10
Car 0.0 0 -2.12 801.69 185.88 1274.81 386.43 1.42 1.56 3.26 2.85 1.77 5.86 -1.59 1.84
Car 0.0 0 -2.81 300.45 183.78 450.14 237.77 1.47 1.53 3.92 -6.56 1.75 20.32 -3.12 0.36
Car 0.0 0 -3.00 466.17 177.09 542.63 206.76 1.53 1.69 3.97 -5.57 1.77 38.80 3.13 0.16
