Car 0.0 0 -1.70 405.87 203.38 454.45 241.18 1.42 1.60 3.79 -7.45 2.68 29.48 -1.94 2.47
Car 0.0 0 -1.85 503.19 208.09 634.64 297.54 1.46 1.58 3.51 -0.99 2.16 13.72 -1.91 8.52
Car 0.0 0 -1.77 447.47 197.35 545.29 270.53 1.62 1.66 3.77 -3.01 2.25 18.00 -1.92 5.48
Car 0.0 0 -1.96 564.21 210.00 806.45 357.21 1.45 1.63 3.91 0.59 1.97 9.34 -1.85 10.41
Car 0.0 0 1.77 110.54 217.76 238.05 309.09 1.40 1.57 3.75 -8.44 2.35 14.09 1.23 7.29
Car 0.0 0 -1.74 423.01 201.77 492.81 251.73 1.55 1.62 3.51 -5.16 2.50 23.86 -1.95 2.42
Car 0.0 0 1.94 -83.59 223.99 193.92 391.96 1.42 1.59 3.74 -5.73 2.02 7.61 1.29 4.52
Car 0.0 0 1.62 273.81 204.16 311.36 230.24 1.44 1.67 4.33 -18.95 3.32 43.02 1.21 0.47
Car 0.0 0 1.68 209.77 197.37 286.66 258.79 1.62 1.66 3.94 -10.95 2.41 21.88 1.22 0.99
Car 0.0 0 -1.69 386.82 201.38 420.29 227.96 1.47 1.62 3.65 -12.20 3.15 42.40 -1.96 0.16
