Car 0.0 0 -1.73 677.58 176.53 742.96 225.24 1.54 1.61 3.43 3.34 1.69 24.91 -1.59 3.36
Car 0.0 0 1.83 426.91 189.22 490.72 228.10 1.40 1.61 3.83 -5.85 2.04 28.15 1.62 3.41
Car 0.0 0 2.13 18.43 208.36 305.13 346.99 1.45 1.62 3.87 -5.88 1.99 10.01 1.57 11.74
Car 0.0 0 2.56 899.75 142.73 1105.06 214.09 1.71 1.71 4.06 9.69 0.98 18.27 3.06 3.66
Car 0.0 0 1.93 242.65 201.50 384.75 283.94 1.43 1.65 3.91 -6.11 2.06 15.24 1.54 6.92
Car 0.0 0 -1.71 666.27 178.03 730.73 217.76 1.55 1.66 3.77 3.54 1.77 29.97 -1.59 1.07
Car 0.0 0 1.87 352.89 192.84 448.22 247.99 1.42 1.65 3.91 -6.19 2.05 21.63 1.59 4.53
Car 0.0 0 1.79 456.95 185.42 506.64 221.67 1.48 1.64 3.99 -5.70 2.07 32.42 1.61 0.77
Car 0.0 0 2.69 834.20 150.93 989.81 207.03 1.62 1.66 4.12 9.23 0.99 22.26 3.08 0.51
Car 0.0 0 1.74 491.75 185.05 529.13 208.07 1.45 1.56 3.75 -6.02 2.12 43.84 1.60 0.25
Car 0.0 0 -1.68 648.65 177.44 695.54 203.88 1.51 1.65 3.75 3.49 1.76 41.40 -1.59 0.10
Car 0.0 0 1.73 493.52 183.84 531.96 207.88 1.45 1.54 3.65 -5.90 2.11 44.13 1.60 0.20
