Car 0.0 0 -1.74 653.09 177.30 724.57 235.57 1.57 1.63 3.62 2.15 1.69 21.01 -1.63 3.71
Car 0.0 0 -1.93 751.09 189.54 959.90 322.50 1.45 1.58 3.49 3.09 1.71 10.03 -1.60 12.49
Car 0.0 0 1.84 297.44 195.34 449.35 302.92 1.40 1.58 3.78 -3.86 1.85 12.24 1.52 9.26
Car 0.0 0 -1.80 677.13 171.83 799.88 265.13 1.69 1.64 3.71 2.43 1.69 15.01 -1.62 6.25
Car 0.0 0 1.74 437.69 171.87 511.57 235.45 1.64 1.65 4.03 -3.88 1.64 21.02 1.55 3.30
Car 0.0 0 -1.70 615.34 177.47 657.59 205.94 1.55 1.65 3.66 1.37 1.78 39.83 -1.67 0.40
Car 0.0 0 1.70 504.85 178.39 541.76 204.03 1.46 1.64 4.28 -5.25 1.80 43.72 1.58 0.72
Car 0.0 0 -1.68 622.72 178.94 662.67 207.14 1.50 1.63 3.60 1.56 1.76 37.33 -1.63 0.23
Car 0.0 0 -1.70 632.63 179.35 683.97 220.40 1.45 1.61 3.69 1.73 1.70 27.60 -1.64 0.99
Car 0.0 0 2.11 -62.46 209.03 360.42 381.63 1.45 1.63 3.86 -3.36 1.78 5.79 1.55 0.71
