Car 0.0 0 1.71 531.55 179.93 579.36 217.74 1.53 1.64 4.01 -2.29 1.82 30.70 1.63 3.56
Car 0.0 0 -1.75 698.54 187.28 766.55 235.87 1.45 1.61 3.97 3.94 1.96 24.19 -1.58 3.37
Car 0.0 0 -1.81 750.71 195.89 901.45 292.61 1.43 1.61 3.81 3.65 1.88 13.12 -1.52 8.19
Car 0.0 0 -1.73 682.00 186.65 732.47 224.77 1.43 1.58 3.78 3.77 1.99 29.04 -1.59 1.91
Car 0.0 0 1.04 836.60 202.65 1234.23 380.06 1.47 1.69 4.32 3.76 1.83 7.35 1.58 7.58
Car 0.0 0 -1.78 727.66 189.19 819.46 256.81 1.51 1.59 3.44 3.88 1.92 17.83 -1.56 2.23
Car 0.0 0 -1.35 286.64 147.04 497.44 339.05 1.81 1.71 4.28 -2.41 1.55 8.79 -1.64 3.83
Car 0.0 0 -1.39 417.43 170.45 530.20 271.08 1.72 1.60 3.57 -2.53 1.71 13.94 -1.58 1.56
Car 0.0 0 1.62 556.74 179.97 586.96 206.70 1.52 1.69 4.22 -2.36 1.98 44.23 1.57 0.21
Car 0.0 0 -1.70 672.13 186.37 716.82 217.47 1.46 1.61 3.72 3.97 2.09 34.96 -1.59 0.07
Car 0.0 0 -1.68 663.78 183.90 696.61 205.03 1.54 1.60 3.66 4.71 2.21 49.25 -1.59 0.07
