Car 0.0 0 1.41 651.01 172.96 692.78 207.75 1.48 1.54 3.43 2.66 1.48 32.02 1.50 2.19
Car 0.0 0 0.21 394.58 171.63 507.44 210.07 1.49 1.68 4.07 -6.35 1.45 29.05 -0.01 1.45
Car 0.0 0 -1.77 677.63 173.56 753.21 235.81 1.52 1.58 3.38 2.72 1.56 19.63 -1.62 3.53
Car 0.0 0 -1.81 700.72 177.89 818.86 266.90 1.52 1.64 3.82 2.76 1.62 14.33 -1.61 5.17
Car 0.0 0 -1.93 726.12 157.70 1014.43 345.00 1.78 1.74 4.46 2.72 1.65 8.82 -1.59 8.14
Car 0.0 0 0.40 281.53 169.39 461.51 233.76 1.57 1.58 4.02 -5.91 1.49 18.07 0.08 0.94
Car 0.0 0 -2.74 111.85 165.98 386.32 269.78 1.70 1.71 3.97 -6.20 1.61 12.65 3.08 3.24
Car 0.0 0 0.46 209.57 165.16 437.01 253.22 1.68 1.69 4.02 -5.72 1.54 14.58 0.08 2.12
Car 0.0 0 -2.66 21.15 183.51 318.44 291.74 1.49 1.57 3.69 -6.27 1.64 10.53 3.07 3.15
Car 0.0 0 -2.97 333.77 172.27 475.98 222.53 1.48 1.54 4.27 -6.31 1.48 22.32 3.04 0.47
Car 0.0 0 -3.01 426.83 166.87 524.57 205.33 1.63 1.71 3.95 -6.04 1.39 32.48 3.09 0.35
Car 0.0 0 -3.01 429.69 166.76 527.41 204.83 1.67 1.70 4.04 -5.89 1.40 32.88 3.10 0.39
Car 0.0 0 1.45 635.96 169.89 668.63 198.24 1.59 1.63 3.85 2.32 1.41 41.38 1.51 0.16
Car 0.0 0 -3.05 484.56 169.68 549.27 194.70 1.56 1.71 3.89 -5.75 1.34 45.35 3.11 0.11
