Car 0.0 0 1.31 697.91 187.81 807.46 255.72 1.40 1.64 3.91 3.19 1.78 17.26 1.51 7.10
Car 0.0 0 -1.71 654.85 174.72 700.35 212.24 1.68 1.60 3.81 3.08 1.77 33.89 -1.61 2.19
Car 0.0 0 -2.70 327.78 182.66 467.35 239.70 1.53 1.59 3.62 -6.07 1.82 20.69 -2.99 1.97
Car 0.0 0 -2.96 442.36 175.45 536.60 213.18 1.65 1.64 4.08 -5.44 1.79 33.02 -3.13 0.85
Car 0.0 0 0.66 -16.96 189.01 367.20 314.33 1.46 1.66 4.26 -5.92 1.74 9.89 0.12 7.31
Car 0.0 0 -2.92 386.83 182.31 510.45 227.41 1.45 1.63 3.95 -5.60 1.82 25.42 -3.14 0.54
Car 0.0 0 -2.73 181.87 170.28 392.75 267.58 1.80 1.70 4.12 -6.55 1.77 14.65 3.14 2.00
Car 0.0 0 -2.81 377.38 183.57 498.00 229.11 1.45 1.61 3.82 -5.88 1.83 24.78 -3.04 0.60
Car 0.0 0 -2.96 440.01 177.81 532.16 215.39 1.57 1.64 3.98 -5.40 1.81 31.68 -3.13 0.34
Car 0.0 0 -2.16 775.31 196.69 1233.50 375.82 1.38 1.62 3.75 2.81 1.71 6.12 -1.66 2.05
Car 0.0 0 -2.74 133.47 180.89 379.54 287.12 1.58 1.54 4.12 -6.32 1.78 12.82 3.09 0.53
Car 0.0 0 -3.02 479.89 176.35 552.16 205.71 1.65 1.68 4.00 -5.34 1.84 41.74 3.14 0.10
Car 0.0 0 -2.76 153.85 174.84 383.98 272.79 1.68 1.70 4.11 -6.65 1.77 13.99 3.08 0.54
