Car 0.0 0 -0.40 819.82 185.31 1016.04 263.33 1.53 1.60 3.52 6.59 1.84 15.87 0.00 5.34
Car 0.0 0 -1.66 638.22 182.06 673.44 211.40 1.44 1.63 3.84 2.39 1.95 38.42 -1.59 1.81
Car 0.0 0 -0.35 718.16 184.11 830.83 229.17 1.43 1.61 3.70 5.53 1.82 24.58 -0.12 3.39
Car 0.0 0 0.47 207.93 177.34 442.98 263.97 1.55 1.70 4.13 -5.66 1.72 14.64 0.10 5.28
Car 0.0 0 -0.44 852.21 192.77 1095.67 279.65 1.45 1.59 3.67 6.63 1.87 13.54 0.03 6.83
Car 0.0 0 -2.88 290.33 176.71 464.88 240.70 1.59 1.67 4.06 -5.81 1.67 18.13 3.09 2.12
Car 0.0 0 -3.00 343.64 179.68 481.09 227.64 1.48 1.63 4.18 -6.23 1.68 22.73 3.01 0.67
Car 0.0 0 -3.04 425.82 177.56 524.75 213.68 1.50 1.67 3.88 -5.72 1.70 30.76 3.06 1.25
Car 0.0 0 -3.03 410.06 179.01 512.98 215.78 1.44 1.67 4.10 -6.24 1.71 30.48 3.05 0.54
Car 0.0 0 -3.06 444.92 178.93 533.68 211.15 1.50 1.73 4.12 -5.68 1.77 34.06 3.06 0.45
Car 0.0 0 -3.13 508.40 176.98 568.39 200.61 1.52 1.66 3.91 -4.76 1.80 47.93 3.06 0.16
Car 0.0 0 -2.68 -38.91 183.88 346.43 297.26 1.47 1.50 4.21 -6.51 1.70 10.65 3.04 1.16
