Car 0.0 0 -1.72 461.04 178.41 503.23 206.85 1.60 1.67 3.73 -7.34 1.91 41.07 -1.89 0.95
Car 0.0 0 -0.44 814.33 191.18 1185.10 326.64 1.50 1.57 3.86 4.70 1.78 9.28 0.06 4.04
Car 0.0 0 -2.80 110.72 171.19 341.05 254.24 1.61 1.65 4.16 -7.94 1.64 15.19 3.00 2.01
Car 0.0 0 -2.98 186.96 171.67 356.03 232.10 1.59 1.59 4.22 -9.36 1.60 20.09 2.86 0.75
Car 0.0 0 -2.73 -5.60 169.65 292.88 274.03 1.68 1.71 3.89 -8.08 1.70 12.82 2.98 2.28
Car 0.0 0 -0.52 891.66 183.87 1235.35 384.33 1.52 1.64 3.81 4.52 1.64 5.92 0.04 2.13
Car 0.0 0 -3.08 287.42 178.44 384.88 212.76 1.48 1.62 4.19 -12.39 1.76 32.74 2.84 0.21
Car 0.0 0 -2.64 -23.03 177.75 229.35 307.47 1.54 1.61 3.63 -7.32 1.62 9.26 3.03 1.07
Car 0.0 0 0.13 264.30 177.54 378.47 220.06 1.47 1.58 4.02 -10.65 1.68 26.67 -0.25 0.13
Car 0.0 0 -3.01 186.96 174.12 355.49 233.40 1.60 1.61 4.22 -9.15 1.63 19.71 2.83 0.26
