Car 0.0 0 1.83 408.95 184.55 499.92 243.69 1.54 1.68 4.11 -4.44 1.88 21.01 1.62 6.88
Car 0.0 0 -1.81 745.90 181.01 856.61 259.91 1.51 1.60 3.64 3.98 1.70 15.78 -1.55 8.39
Car 0.0 0 -1.88 791.53 177.03 999.33 310.61 1.57 1.57 3.51 3.88 1.67 10.51 -1.51 12.63
Car 0.0 0 -1.73 694.78 177.63 751.18 221.31 1.56 1.63 3.99 4.21 1.74 27.73 -1.57 2.95
Car 0.0 0 1.75 495.98 182.09 546.62 217.35 1.53 1.68 4.36 -4.09 1.97 33.68 1.63 1.80
Car 0.0 0 -1.76 717.02 178.97 792.16 233.40 1.53 1.64 3.76 4.22 1.71 21.85 -1.57 4.16
Car 0.0 0 1.80 464.26 182.14 527.03 227.72 1.56 1.56 3.73 -4.28 1.93 27.38 1.64 2.11
Car 0.0 0 -1.65 686.34 176.34 728.13 212.80 1.59 1.69 4.01 4.49 1.77 34.01 -1.52 0.36
Car 0.0 0 1.73 550.92 177.30 583.74 202.63 1.62 1.63 3.96 -2.92 1.96 49.60 1.67 0.55
Car 0.0 0 1.73 551.01 177.00 583.75 202.79 1.63 1.64 4.01 -2.89 1.95 49.53 1.67 0.20
