Car 0.0 0 -1.69 663.22 183.35 725.17 230.73 1.41 1.64 3.55 2.68 1.77 23.66 -1.57 5.17
Car 0.0 0 2.58 853.52 160.86 1082.83 236.42 1.58 1.68 4.38 8.18 1.36 16.75 3.04 6.41
Car 0.0 0 1.89 390.86 186.11 476.31 234.95 1.53 1.72 4.14 -6.10 2.02 25.30 1.66 3.17
Car 0.0 0 2.74 778.43 165.74 915.29 213.06 1.51 1.65 4.30 7.95 1.30 24.55 3.06 1.73
Car 0.0 0 2.05 86.63 204.32 399.40 378.27 1.47 1.63 3.78 -3.87 1.89 8.42 1.58 11.60
Car 0.0 0 1.95 269.15 195.04 406.35 266.72 1.49 1.67 4.28 -6.34 2.02 17.13 1.59 2.12
Car 0.0 0 1.75 473.65 186.15 512.95 213.50 1.45 1.61 3.79 -6.66 2.22 41.34 1.59 1.61
Car 0.0 0 -0.45 826.36 159.32 1001.05 226.89 1.69 1.63 3.99 8.29 1.37 19.79 -0.05 0.68
Car 0.0 0 -2.17 1087.28 150.00 1182.17 189.72 1.72 1.64 3.98 23.31 0.72 31.98 -1.54 0.44
Car 0.0 0 1.97 262.59 195.64 409.11 265.87 1.45 1.64 4.20 -6.38 1.99 17.17 1.61 0.40
