Car 0.0 0 -2.76 206.16 192.94 424.03 269.32 1.46 1.65 4.24 -6.35 1.97 15.70 3.14 7.08
Car 0.0 0 1.40 644.98 188.51 693.18 226.91 1.47 1.63 4.04 2.32 2.13 29.89 1.48 2.22
Car 0.0 0 -1.81 673.37 191.47 758.77 249.75 1.48 1.58 3.35 2.80 2.01 20.24 -1.66 6.13
Car 0.0 0 -2.92 347.13 189.18 478.94 235.38 1.47 1.65 4.28 -6.74 2.07 24.80 3.09 1.03
Car 0.0 0 -2.86 292.27 189.94 456.16 247.38 1.47 1.63 4.14 -6.51 2.00 20.25 3.11 1.32
Car 0.0 0 0.35 372.47 190.52 484.64 229.98 1.44 1.67 4.17 -6.80 2.11 27.28 0.10 0.58
Car 0.0 0 -2.97 424.26 184.94 523.61 222.95 1.59 1.70 3.90 -5.75 2.10 30.72 3.13 0.76
Car 0.0 0 -2.59 0.38 196.06 247.51 343.59 1.47 1.67 4.00 -6.65 1.81 8.48 3.10 3.63
Car 0.0 0 -2.83 265.09 192.60 442.39 254.74 1.43 1.60 4.01 -6.45 1.99 18.32 3.11 1.13
Car 0.0 0 -2.62 -3.73 198.55 320.48 306.23 1.45 1.51 4.14 -6.89 1.87 10.99 3.10 2.62
Car 0.0 0 2.47 1031.49 209.22 1234.10 341.13 1.52 1.66 4.00 7.35 1.91 8.78 3.09 0.58
