Car 0.0 0 1.78 381.80 197.94 487.24 271.72 1.46 1.62 4.04 -4.02 2.08 16.97 1.54 8.39
Car 0.0 0 -1.73 642.88 192.24 713.32 243.22 1.48 1.65 3.81 1.99 2.08 22.64 -1.64 3.17
Car 0.0 0 1.76 438.78 196.91 506.45 248.42 1.47 1.61 4.05 -4.38 2.28 23.44 1.57 2.79
Car 0.0 0 -1.80 666.74 193.44 775.77 268.94 1.47 1.64 3.68 2.26 1.94 16.07 -1.65 6.84
Car 0.0 0 1.71 481.39 195.87 526.05 228.02 1.47 1.63 4.19 -5.09 2.56 34.52 1.56 1.60
Car 0.0 0 -1.86 710.26 194.72 871.32 308.58 1.52 1.57 3.40 2.63 1.87 11.45 -1.61 8.14
Car 0.0 0 -1.69 634.07 190.04 684.60 228.19 1.51 1.62 3.46 1.91 2.23 30.04 -1.63 0.40
Car 0.0 0 -0.46 762.74 183.93 863.13 220.33 1.50 1.68 3.94 9.37 2.10 33.91 -0.18 0.19
Car 0.0 0 -1.66 609.64 188.27 643.80 210.65 1.55 1.64 3.76 1.14 2.65 51.78 -1.64 0.26
Car 0.0 0 -1.86 713.35 193.82 873.63 307.18 1.50 1.55 3.40 2.65 1.85 11.45 -1.61 2.69
