Car 0.0 0 -1.67 634.48 187.92 673.02 219.43 1.48 1.62 3.88 2.13 2.24 36.13 -1.61 1.87
Car 0.0 0 -2.86 228.08 179.69 433.47 257.14 1.74 1.73 4.22 -6.67 1.92 17.43 3.05 3.62
Car 0.0 0 2.72 749.86 190.95 919.00 250.38 1.46 1.62 4.27 5.80 1.98 19.29 3.02 3.26
Car 0.0 0 -0.43 810.28 194.81 1030.66 276.42 1.47 1.63 3.85 5.87 1.91 14.13 -0.02 5.97
Car 0.0 0 -0.10 725.60 186.41 860.11 240.82 1.59 1.62 3.99 5.46 2.00 21.87 0.15 2.07
Car 0.0 0 -2.75 117.66 192.80 368.29 277.47 1.50 1.55 3.74 -6.92 1.91 13.88 3.07 1.90
Car 0.0 0 -2.68 1.66 190.64 333.67 301.22 1.50 1.59 4.28 -6.69 1.83 10.92 3.05 4.58
Car 0.0 0 -2.94 379.81 190.44 504.91 236.76 1.37 1.60 3.65 -5.19 1.90 22.31 3.12 0.46
Car 0.0 0 -0.52 869.84 193.02 1189.58 307.22 1.54 1.62 3.77 5.84 1.85 10.41 0.01 0.76
Car 0.0 0 -2.80 117.88 193.86 374.13 275.73 1.50 1.57 3.85 -6.94 1.93 14.06 3.02 0.83
Car 0.0 0 0.22 435.11 187.91 519.08 217.00 1.40 1.64 4.11 -6.63 2.16 36.15 0.04 0.14
Car 0.0 0 -0.48 848.57 196.02 1128.78 293.52 1.52 1.63 3.66 5.94 1.89 11.68 -0.00 0.61
