Car 0.0 0 -1.76 671.97 195.66 779.17 269.57 1.50 1.67 3.88 2.47 2.03 16.72 -1.60 6.40
Car 0.0 0 -1.84 710.85 196.70 898.83 320.51 1.50 1.65 3.61 2.58 1.87 10.73 -1.58 11.96
Car 0.0 0 1.78 397.20 204.45 496.67 272.46 1.44 1.63 3.99 -3.89 2.22 17.72 1.55 6.10
Car 0.0 0 1.86 289.67 206.84 460.48 319.47 1.46 1.60 3.79 -3.67 2.06 11.79 1.54 12.50
Car 0.0 0 1.74 468.27 200.20 529.15 240.57 1.47 1.63 3.88 -4.39 2.56 28.59 1.59 2.56
Car 0.0 0 -1.73 656.93 194.74 718.52 239.44 1.53 1.58 3.42 2.65 2.30 25.85 -1.62 0.69
Car 0.0 0 -1.74 659.90 194.55 720.71 242.51 1.54 1.61 3.55 2.65 2.29 24.91 -1.63 0.60
Car 0.0 0 -1.67 626.73 193.61 663.91 217.12 1.53 1.61 3.66 2.37 2.96 49.44 -1.62 0.20
Car 0.0 0 -2.10 802.74 194.98 1221.93 385.13 1.47 1.63 3.54 2.72 1.69 5.69 -1.59 1.57
Car 0.0 0 -1.66 625.44 193.53 660.53 217.20 1.55 1.63 3.72 2.25 2.99 50.03 -1.61 0.14
