Car 0.0 0 -2.76 150.99 186.82 388.51 267.72 1.51 1.56 3.88 -6.82 1.82 14.71 3.09 3.37
Car 0.0 0 -2.86 259.80 175.99 443.91 248.25 1.77 1.75 4.31 -6.68 1.87 18.75 3.08 3.59
Car 0.0 0 -0.39 797.80 190.47 1000.96 266.18 1.48 1.67 3.82 6.07 1.88 15.60 -0.00 4.82
Car 0.0 0 -1.69 634.25 184.05 672.02 214.73 1.47 1.63 3.88 2.17 2.07 37.43 -1.63 1.53
Car 0.0 0 -0.46 858.17 188.06 1109.01 293.76 1.58 1.62 3.75 5.90 1.84 11.77 0.02 1.79
Car 0.0 0 -2.97 386.43 185.32 511.15 229.23 1.40 1.67 3.98 -5.37 1.80 23.96 3.09 1.61
Car 0.0 0 -0.34 723.46 184.76 852.43 235.18 1.55 1.66 3.84 5.54 1.92 22.89 -0.09 1.46
Car 0.0 0 -2.69 29.61 186.34 357.18 286.57 1.51 1.64 4.32 -6.73 1.79 11.98 3.07 4.55
Car 0.0 0 2.82 758.69 188.19 916.46 243.85 1.46 1.65 4.16 6.17 1.91 20.35 3.12 2.29
Car 0.0 0 1.16 914.45 183.75 1226.51 333.46 1.61 1.70 4.26 5.40 1.77 8.95 1.73 0.37
Car 0.0 0 -0.54 881.34 183.84 1153.43 301.94 1.60 1.68 4.01 6.29 1.84 11.08 -0.03 0.32
Car 0.0 0 -3.08 434.66 185.43 518.09 214.73 1.39 1.59 4.09 -6.22 1.95 33.89 3.02 0.12
Car 0.0 0 -2.83 183.69 186.35 396.59 259.88 1.53 1.64 3.82 -6.94 1.87 16.04 3.04 0.45
