Car 0.0 0 1.75 488.99 180.61 534.97 214.64 1.55 1.58 3.70 -4.64 1.92 34.46 1.61 2.97
Car 0.0 0 -1.78 718.94 179.54 815.66 250.71 1.54 1.64 3.92 3.61 1.70 17.45 -1.56 6.22
Car 0.0 0 -1.88 751.02 180.85 925.99 291.63 1.53 1.59 3.74 3.48 1.67 11.89 -1.57 11.59
Car 0.0 0 -1.76 703.79 178.28 774.80 232.25 1.55 1.65 3.65 3.89 1.72 22.55 -1.58 2.86
Car 0.0 0 1.84 341.33 189.08 464.44 259.13 1.44 1.66 4.23 -4.89 1.86 17.49 1.57 6.61
Car 0.0 0 1.95 201.16 192.54 401.55 308.05 1.54 1.66 4.22 -4.88 1.89 11.95 1.54 10.07
Car 0.0 0 -1.71 687.75 177.18 742.44 219.28 1.55 1.66 4.00 4.05 1.74 28.70 -1.57 2.23
Car 0.0 0 -2.11 846.28 189.62 1245.20 376.20 1.50 1.61 3.80 3.57 1.70 6.57 -1.57 7.41
Car 0.0 0 -2.12 855.94 186.10 1275.95 374.79 1.53 1.67 3.86 3.64 1.68 6.59 -1.55 4.15
Car 0.0 0 1.74 514.54 179.49 552.68 209.64 1.61 1.61 3.91 -4.24 1.98 40.26 1.63 0.34
