Car 0.0 0 -1.78 702.96 187.47 819.41 269.40 1.38 1.60 3.76 2.80 1.70 14.53 -1.57 6.71
Car 0.0 0 -2.85 338.50 180.20 475.67 230.99 1.50 1.63 4.13 -6.36 1.77 22.74 -3.12 1.31
Car 0.0 0 -2.69 123.03 178.43 419.52 283.18 1.53 1.60 4.31 -5.57 1.68 12.05 -3.13 5.84
Car 0.0 0 0.96 766.19 177.69 931.06 239.69 1.60 1.68 4.44 6.51 1.76 20.34 1.28 3.51
Car 0.0 0 0.69 13.63 185.64 366.06 309.77 1.48 1.58 4.12 -5.68 1.71 9.95 0.17 7.72
Car 0.0 0 -2.78 252.46 181.13 457.82 251.78 1.50 1.63 4.16 -5.54 1.68 15.89 -3.12 2.71
Car 0.0 0 -2.94 369.80 178.38 490.62 223.91 1.61 1.68 4.07 -6.63 1.84 26.66 3.10 0.61
Car 0.0 0 -1.65 635.66 178.24 666.27 203.02 1.46 1.69 4.01 2.53 1.82 45.25 -1.59 0.69
Car 0.0 0 1.38 701.14 176.90 759.40 211.75 1.48 1.70 4.31 5.71 1.74 35.04 1.55 0.18
Car 0.0 0 -3.01 429.46 179.47 532.73 214.07 1.50 1.75 4.10 -5.65 1.77 31.81 3.10 0.58
Car 0.0 0 -2.84 307.10 181.31 470.50 238.17 1.48 1.57 4.04 -6.08 1.74 19.97 -3.14 0.31
Car 0.0 0 -2.92 342.55 180.81 481.07 230.86 1.52 1.63 4.01 -6.43 1.82 23.67 3.10 0.19
