Car 0.0 0 1.37 679.47 178.60 746.55 226.60 1.39 1.64 3.87 3.14 1.58 23.11 1.52 3.38
Car 0.0 0 0.51 214.18 184.04 452.17 260.15 1.43 1.67 4.31 -5.78 1.72 15.21 0.15 6.50
Car 0.0 0 -2.78 413.77 180.96 503.14 221.04 1.48 1.55 3.36 -5.56 1.74 26.32 -2.99 1.20
Car 0.0 0 -1.90 709.39 182.39 890.76 297.13 1.47 1.65 4.32 2.80 1.66 11.77 -1.64 10.62
Car 0.0 0 1.42 650.97 168.98 687.97 201.21 1.71 1.62 3.84 3.31 1.53 41.19 1.50 1.13
Car 0.0 0 -2.95 424.75 177.73 523.58 214.77 1.43 1.61 3.93 -5.56 1.66 29.82 -3.14 0.58
Car 0.0 0 -3.00 443.76 173.27 540.01 209.10 1.53 1.67 4.00 -5.24 1.57 32.59 3.12 0.24
Car 0.0 0 -2.75 316.73 173.63 447.42 230.77 1.55 1.64 3.66 -6.99 1.66 22.03 -3.05 0.29
Car 0.0 0 -3.03 473.46 172.43 550.14 203.40 1.55 1.66 3.93 -4.99 1.53 37.54 3.12 0.12
Car 0.0 0 -3.03 498.83 172.87 551.69 200.28 1.53 1.67 3.89 -4.69 1.53 40.60 3.13 0.09
Car 0.0 0 -2.80 399.89 178.07 506.79 222.17 1.52 1.57 3.38 -5.67 1.71 26.05 -3.01 0.19
