Car 0.0 0 0.49 797.83 172.40 1012.11 253.91 1.57 1.68 4.40 6.22 1.59 15.71 0.88 3.78
Car 0.0 0 -1.86 729.55 185.11 903.00 307.27 1.40 1.63 3.73 2.76 1.61 10.57 -1.58 8.36
Car 0.0 0 -2.87 338.19 173.06 482.29 227.28 1.70 1.72 4.27 -6.47 1.72 23.40 -3.14 1.92
Car 0.0 0 -1.70 635.44 176.69 667.76 203.08 1.46 1.64 4.03 2.34 1.69 41.62 -1.64 1.28
Car 0.0 0 -2.82 243.48 181.05 440.20 246.95 1.44 1.57 4.20 -6.18 1.67 16.85 3.11 2.37
Car 0.0 0 0.52 131.92 177.31 415.90 272.82 1.51 1.63 4.23 -5.70 1.63 12.46 0.09 3.57
Car 0.0 0 -0.27 702.81 176.91 807.54 217.85 1.42 1.62 4.14 5.34 1.61 27.05 -0.07 0.77
Car 0.0 0 -2.98 421.59 179.10 526.25 215.29 1.40 1.66 3.98 -5.34 1.64 28.64 3.12 0.79
Car 0.0 0 2.12 749.78 178.92 858.42 234.39 1.44 1.62 4.05 5.29 1.59 20.20 2.38 0.20
Car 0.0 0 -2.65 -20.20 182.95 329.75 343.74 1.49 1.61 4.24 -5.47 1.64 7.71 3.07 2.46
Car 0.0 0 1.26 776.62 180.19 875.91 230.78 1.45 1.62 4.01 6.21 1.61 20.92 1.55 0.14
Car 0.0 0 -2.76 45.23 179.76 355.32 294.01 1.47 1.47 4.01 -6.03 1.58 10.43 3.01 0.79
Car 0.0 0 -2.85 289.09 179.60 452.88 237.26 1.48 1.56 4.10 -6.62 1.71 20.08 3.11 0.42
Car 0.0 0 -2.97 360.02 177.33 492.02 224.31 1.59 1.67 4.30 -6.40 1.73 25.08 3.07 0.34
Car 0.0 0 -2.98 420.17 179.21 527.00 215.49 1.40 1.66 3.98 -5.38 1.63 28.74 3.12 0.41
Car 0.0 0 0.67 -25.82 179.58 333.60 343.37 1.51 1.61 4.23 -5.53 1.63 7.81 0.11 1.45
Car 0.0 0 0.54 59.44 178.10 362.00 286.02 1.50 1.55 3.97 -5.84 1.59 10.69 0.03 0.65
