Car 0.0 0 -0.43 779.88 187.33 1080.49 302.11 1.53 1.59 3.74 4.61 1.82 11.09 -0.01 4.97
Car 0.0 0 -0.53 838.90 179.90 1229.69 347.72 1.56 1.71 3.95 4.50 1.64 7.58 0.00 7.24
Car 0.0 0 -0.49 836.30 180.48 1235.42 350.49 1.55 1.72 3.98 4.53 1.65 7.50 0.04 6.62
Car 0.0 0 -2.79 55.46 168.38 311.38 264.34 1.73 1.72 3.97 -8.08 1.69 13.88 2.96 3.25
Car 0.0 0 3.14 292.58 174.72 391.29 211.05 1.52 1.65 4.09 -11.99 1.64 32.27 2.78 0.51
Car 0.0 0 -1.71 460.24 177.50 500.35 205.14 1.61 1.66 3.68 -7.74 1.88 42.77 -1.89 0.50
Car 0.0 0 -2.74 -40.33 177.54 265.06 285.08 1.55 1.60 3.89 -7.98 1.69 11.52 2.94 1.97
Car 0.0 0 -2.84 139.02 172.38 350.03 247.84 1.60 1.57 4.13 -8.14 1.63 16.31 2.97 0.85
Car 0.0 0 -1.70 462.18 177.13 499.81 205.99 1.62 1.67 3.70 -7.66 1.88 42.53 -1.87 0.25
Car 0.0 0 -2.64 -22.49 178.12 238.31 319.96 1.51 1.60 4.05 -7.34 1.67 9.09 3.03 1.23
