Car 0.0 0 -1.76 375.13 203.03 474.62 275.17 1.68 1.67 4.02 -4.96 2.47 18.64 -2.01 4.96
Car 0.0 0 -1.95 495.24 210.14 714.31 346.79 1.48 1.66 3.93 -0.43 2.02 9.98 -1.95 10.75
Car 0.0 0 1.63 122.10 209.01 204.25 272.56 1.55 1.63 3.74 -12.77 2.62 20.49 1.07 3.36
Car 0.0 0 -1.68 332.04 210.54 384.87 249.17 1.42 1.60 3.78 -10.36 2.97 29.30 -2.02 1.86
Car 0.0 0 -1.86 433.17 211.26 562.36 297.07 1.46 1.61 3.81 -2.40 2.23 14.25 -2.01 7.13
Car 0.0 0 1.73 23.08 229.03 156.26 323.09 1.38 1.56 3.71 -9.80 2.53 13.59 1.11 5.10
Car 0.0 0 1.68 191.27 213.74 230.56 241.06 1.40 1.60 3.93 -22.28 3.71 40.23 1.18 1.07
Car 0.0 0 -1.74 352.26 208.36 418.22 257.23 1.53 1.60 3.50 -7.67 2.72 24.23 -2.04 1.31
Car 0.0 0 -2.15 604.92 201.21 1055.97 396.55 1.55 1.63 3.53 1.47 1.90 6.08 -1.85 2.39
Car 0.0 0 1.41 309.01 209.42 351.04 236.57 1.49 1.66 4.07 -16.44 3.64 42.11 1.04 0.18
