Car 0.0 0 -1.78 679.01 181.57 784.47 255.42 1.42 1.65 4.05 2.53 1.64 16.36 -1.61 6.82
Car 0.0 0 1.07 764.83 179.97 874.29 234.24 1.47 1.59 4.09 6.13 1.70 21.69 1.35 1.39
Car 0.0 0 0.46 257.18 168.96 467.69 240.26 1.57 1.66 4.32 -5.69 1.51 16.90 0.13 3.26
Car 0.0 0 -2.71 140.29 173.17 364.66 262.23 1.50 1.58 3.67 -6.22 1.53 12.91 3.11 2.64
Car 0.0 0 0.61 -5.95 173.27 330.07 320.77 1.53 1.68 4.41 -5.85 1.58 8.62 0.06 3.91
Car 0.0 0 -2.72 381.30 178.14 496.65 221.44 1.39 1.54 3.88 -5.43 1.52 22.79 -2.95 0.54
Car 0.0 0 -3.01 449.07 172.08 537.90 207.20 1.58 1.65 3.95 -5.56 1.56 34.35 3.11 0.52
Car 0.0 0 -2.97 430.49 174.31 528.46 210.55 1.48 1.62 4.01 -5.55 1.55 30.69 3.13 0.56
Car 0.0 0 -2.73 342.15 175.24 490.03 231.97 1.46 1.53 4.01 -5.24 1.53 19.49 -2.99 0.51
Car 0.0 0 -3.04 469.25 172.44 541.56 199.09 1.57 1.68 3.95 -6.31 1.53 44.17 3.10 0.09
