Car 0.0 0 1.39 657.94 174.69 715.20 227.62 1.59 1.56 3.49 2.42 1.68 23.97 1.50 4.22
Car 0.0 0 0.58 51.58 178.69 363.79 283.06 1.49 1.66 4.27 -6.51 1.65 11.91 0.07 6.76
Car 0.0 0 0.34 327.91 177.47 478.37 232.60 1.57 1.63 4.22 -6.04 1.71 21.25 0.06 1.73
Car 0.0 0 -2.78 242.66 163.07 438.08 249.89 1.85 1.67 3.94 -6.13 1.67 16.63 -3.14 3.96
Car 0.0 0 -1.81 696.64 185.42 832.46 273.81 1.42 1.56 3.65 2.71 1.68 13.76 -1.60 8.60
Car 0.0 0 -2.93 366.77 180.16 490.18 224.00 1.43 1.53 4.17 -6.31 1.71 25.17 3.10 0.79
Car 0.0 0 -2.94 378.25 181.15 489.70 220.07 1.43 1.58 3.94 -6.48 1.73 26.82 3.10 0.72
Car 0.0 0 -2.99 439.11 175.12 530.05 211.00 1.61 1.71 4.00 -5.90 1.75 34.53 3.12 0.46
Car 0.0 0 -1.69 649.88 174.81 698.24 217.02 1.59 1.63 3.56 2.54 1.72 30.07 -1.60 0.46
Car 0.0 0 -2.98 425.16 179.40 511.74 212.23 1.47 1.60 3.76 -6.42 1.77 33.07 3.11 0.53
Car 0.0 0 -3.03 484.25 173.38 553.29 200.84 1.60 1.73 4.11 -5.51 1.64 43.86 3.13 0.29
Car 0.0 0 -2.92 369.08 181.59 488.61 223.19 1.45 1.56 4.04 -6.42 1.76 25.89 3.12 0.36
Car 0.0 0 1.46 635.55 175.98 670.08 203.70 1.55 1.63 3.85 2.31 1.72 40.72 1.52 0.11
