Car 0.0 0 0.39 326.85 180.95 481.32 235.65 1.46 1.63 4.02 -5.65 1.69 19.96 0.12 4.41
Car 0.0 0 -1.76 675.27 182.54 780.82 252.62 1.44 1.66 4.01 2.57 1.68 17.17 -1.60 6.26
Car 0.0 0 -2.09 783.57 198.82 1114.29 379.22 1.44 1.58 3.56 2.95 1.72 7.28 -1.65 10.38
Car 0.0 0 -2.67 106.33 180.32 377.97 276.62 1.53 1.63 4.18 -6.58 1.72 13.08 -3.14 4.34
Car 0.0 0 -2.66 -25.29 189.42 324.56 304.55 1.43 1.60 3.97 -6.36 1.74 10.28 3.06 3.91
Car 0.0 0 -2.97 457.25 175.70 538.81 208.39 1.55 1.63 3.73 -5.55 1.72 36.45 -3.12 0.35
Car 0.0 0 1.38 665.09 179.16 721.42 222.02 1.42 1.58 3.60 2.87 1.66 26.13 1.50 0.51
Car 0.0 0 -2.94 404.92 177.63 501.69 215.42 1.54 1.61 3.70 -6.35 1.71 29.38 3.13 0.37
Car 0.0 0 -2.96 438.69 180.12 522.52 212.39 1.45 1.59 3.56 -5.93 1.78 33.25 -3.14 0.30
Car 0.0 0 -2.88 374.44 176.68 486.01 220.80 1.60 1.63 3.67 -6.46 1.71 25.75 -3.12 0.24
Car 0.0 0 0.44 163.48 181.19 401.64 260.10 1.48 1.56 4.20 -6.57 1.70 14.76 0.01 0.78
Car 0.0 0 1.39 661.34 179.69 715.65 218.56 1.43 1.60 3.67 2.90 1.69 27.91 1.50 0.28
Car 0.0 0 -3.02 462.28 174.17 541.71 206.14 1.60 1.67 3.84 -5.57 1.70 38.19 3.11 0.11
