Car 0.0 0 -1.69 646.78 176.97 700.82 223.41 1.52 1.64 3.84 2.19 1.69 26.10 -1.60 3.82
Car 0.0 0 0.40 285.87 179.38 461.41 239.17 1.46 1.62 4.15 -6.17 1.66 18.95 0.08 4.22
Car 0.0 0 -0.38 822.95 181.27 1114.94 282.38 1.48 1.65 4.00 5.62 1.66 11.88 0.08 8.18
Car 0.0 0 -2.81 343.48 174.47 487.67 228.00 1.54 1.64 4.21 -5.92 1.60 22.00 -3.07 1.54
Car 0.0 0 -2.59 44.68 187.71 355.79 285.46 1.37 1.57 4.14 -6.76 1.70 11.91 -3.10 3.49
Car 0.0 0 -2.67 399.54 177.13 512.47 215.32 1.39 1.60 4.19 -6.06 1.58 28.46 -2.88 0.59
Car 0.0 0 -2.50 484.36 175.25 553.12 200.28 1.43 1.66 3.98 -5.19 1.54 40.89 -2.62 0.36
Car 0.0 0 -2.62 432.61 177.36 524.46 211.11 1.38 1.61 4.00 -5.62 1.58 30.90 -2.80 0.58
Car 0.0 0 1.61 531.06 173.27 576.40 198.65 1.47 1.64 3.70 -3.47 1.52 44.51 1.53 0.29
Car 0.0 0 -2.75 375.49 177.06 502.40 221.48 1.45 1.61 4.15 -6.10 1.63 25.58 -2.98 0.34
