Car 0.0 0 -2.96 389.61 175.18 507.80 219.90 1.51 1.61 3.79 -5.55 1.57 24.66 3.11 1.88
Car 0.0 0 -1.89 709.38 183.88 890.11 300.80 1.41 1.65 3.95 2.58 1.61 10.96 -1.63 10.21
Car 0.0 0 1.23 682.72 175.57 729.52 205.61 1.51 1.52 3.29 4.91 1.65 37.61 1.37 0.98
Car 0.0 0 0.49 127.46 166.93 410.64 269.44 1.65 1.70 4.15 -5.98 1.60 13.02 0.05 5.32
Car 0.0 0 1.15 816.60 181.39 963.57 260.68 1.45 1.59 4.11 5.72 1.65 15.34 1.52 0.81
Car 0.0 0 1.26 733.57 175.75 816.90 233.83 1.49 1.67 4.02 4.74 1.63 21.43 1.49 0.27
Car 0.0 0 0.39 374.07 174.32 495.10 221.97 1.51 1.57 3.63 -5.61 1.54 23.02 0.15 1.20
Car 0.0 0 -2.59 -20.30 172.35 239.64 302.54 1.58 1.61 3.50 -7.21 1.56 10.31 3.09 1.18
Car 0.0 0 -3.04 482.03 172.94 550.84 198.68 1.52 1.64 3.93 -5.64 1.52 43.97 3.11 0.25
Car 0.0 0 -3.02 471.40 172.81 541.39 198.87 1.53 1.63 3.93 -5.94 1.49 41.29 3.12 0.19
Car 0.0 0 1.25 779.57 178.00 885.73 227.87 1.44 1.60 4.11 8.66 1.82 28.24 1.55 0.11
Car 0.0 0 -3.00 425.64 172.26 523.85 213.57 1.56 1.62 3.79 -5.49 1.57 29.28 3.10 0.40
Car 0.0 0 -2.79 206.48 172.08 444.26 253.86 1.56 1.57 4.20 -5.53 1.53 14.22 3.12 0.56
Car 0.0 0 1.27 734.38 177.12 814.11 232.22 1.49 1.68 4.04 4.96 1.66 22.43 1.49 0.08
