Car 0.0 0 -1.73 657.63 179.73 727.50 236.02 1.63 1.68 3.90 2.49 1.87 23.08 -1.62 4.80
Car 0.0 0 -2.94 374.36 180.06 501.37 226.64 1.66 1.67 4.20 -6.29 1.94 26.55 3.11 0.97
Car 0.0 0 0.31 318.06 183.76 479.61 241.68 1.58 1.66 4.27 -6.12 1.94 21.20 0.02 1.56
Car 0.0 0 -1.71 647.62 183.27 696.85 221.79 1.52 1.63 3.74 2.59 2.01 31.38 -1.62 0.64
Car 0.0 0 -2.91 370.60 181.04 498.23 229.19 1.61 1.65 4.20 -6.19 1.94 25.53 3.14 0.56
Car 0.0 0 -2.97 423.92 181.83 523.74 217.98 1.60 1.69 4.23 -6.08 2.00 32.90 3.13 0.29
Car 0.0 0 -2.95 410.19 182.18 516.96 221.48 1.57 1.64 4.17 -6.03 1.98 30.00 3.13 0.30
Car 0.0 0 -2.94 370.96 182.16 499.33 229.64 1.62 1.63 4.17 -6.21 1.97 25.81 3.11 0.36
Car 0.0 0 1.91 218.22 186.41 432.34 265.73 1.52 1.60 4.01 -6.14 1.92 16.16 1.54 0.42
Car 0.0 0 -2.80 230.89 186.63 433.07 272.77 1.51 1.61 4.04 -5.71 1.90 15.22 3.12 0.43
Car 0.0 0 1.45 627.89 182.07 657.10 204.96 1.53 1.62 3.91 2.10 2.12 48.18 1.50 0.14
Car 0.0 0 1.95 176.92 190.13 368.90 278.27 1.43 1.57 3.57 -6.84 1.95 15.35 1.52 0.13
Car 0.0 0 -3.01 471.33 182.34 534.45 208.74 1.57 1.70 3.89 -6.26 2.12 43.03 3.12 0.09
