Car 0.0 0 -1.68 635.07 186.90 674.04 218.25 1.46 1.61 3.91 2.15 2.17 35.89 -1.62 2.13
Car 0.0 0 -0.39 726.66 183.12 864.82 241.98 1.64 1.63 3.89 5.41 1.94 21.23 -0.14 2.68
Car 0.0 0 2.72 752.03 188.91 933.22 251.43 1.46 1.62 4.26 5.73 1.89 18.27 3.03 3.38
Car 0.0 0 -2.72 76.95 191.88 355.59 283.03 1.50 1.58 3.98 -7.06 1.87 13.12 3.06 2.93
Car 0.0 0 -2.81 199.91 176.81 421.96 260.76 1.74 1.74 4.21 -6.80 1.89 16.59 3.08 3.23
Car 0.0 0 -0.41 817.50 192.84 1088.70 279.66 1.48 1.63 4.13 6.23 1.87 13.49 0.03 4.13
Car 0.0 0 -0.50 883.77 191.61 1193.10 304.70 1.49 1.59 3.65 6.06 1.81 10.63 0.04 1.65
Car 0.0 0 -2.64 -6.09 191.02 317.78 313.47 1.48 1.57 4.16 -6.78 1.85 10.18 3.08 2.87
Car 0.0 0 -3.01 381.26 187.04 500.15 231.33 1.37 1.59 3.65 -5.72 1.87 24.40 3.05 0.18
Car 0.0 0 -3.00 379.62 186.59 502.64 230.56 1.38 1.59 3.66 -5.77 1.89 24.66 3.05 0.13
