Car 0.0 0 -1.80 717.72 180.12 809.58 246.52 1.55 1.65 3.70 3.77 1.73 18.64 -1.58 5.84
Car 0.0 0 -1.82 741.37 181.75 893.27 282.26 1.52 1.61 3.84 3.45 1.69 12.89 -1.54 9.63
Car 0.0 0 -1.75 693.48 178.71 764.04 227.57 1.54 1.67 4.27 3.83 1.72 24.32 -1.58 3.25
Car 0.0 0 1.91 239.93 192.80 411.10 293.20 1.48 1.68 4.31 -5.01 1.88 13.24 1.54 10.05
Car 0.0 0 -2.05 800.39 186.61 1162.05 373.54 1.52 1.64 4.07 3.45 1.67 7.80 -1.57 13.55
Car 0.0 0 2.16 -2.18 197.98 309.29 380.36 1.54 1.62 3.97 -4.75 1.84 7.58 1.60 8.01
Car 0.0 0 1.76 464.64 181.27 518.28 220.67 1.58 1.59 3.74 -5.03 1.95 30.93 1.60 1.74
Car 0.0 0 1.75 497.29 179.76 540.59 214.59 1.68 1.65 4.03 -4.59 2.03 36.60 1.63 0.81
Car 0.0 0 1.75 465.33 181.17 518.98 220.39 1.58 1.58 3.73 -5.00 1.94 30.86 1.59 1.16
Car 0.0 0 -1.79 718.52 179.20 809.10 245.49 1.56 1.66 3.65 3.82 1.73 18.74 -1.58 0.97
