Car 0.0 0 -1.72 655.45 177.67 718.70 229.27 1.66 1.67 3.83 2.54 1.83 25.11 -1.62 4.04
Car 0.0 0 -2.88 356.28 178.58 492.10 232.77 1.66 1.65 4.07 -5.98 1.87 23.34 -3.13 1.89
Car 0.0 0 -2.13 761.28 206.20 1145.70 379.34 1.37 1.59 4.07 2.93 1.78 7.44 -1.68 7.95
Car 0.0 0 -2.92 384.38 178.99 506.03 223.36 1.60 1.64 4.08 -6.31 1.88 27.86 -3.14 0.60
Car 0.0 0 -2.95 439.84 179.47 530.58 213.20 1.66 1.70 3.98 -6.07 1.96 35.62 -3.12 0.31
Car 0.0 0 -2.95 414.73 179.46 521.33 218.18 1.61 1.67 4.09 -6.04 1.90 30.92 3.14 0.28
Car 0.0 0 -2.97 459.69 179.79 533.11 210.01 1.64 1.69 3.83 -6.11 2.00 39.52 -3.12 0.14
Car 0.0 0 -2.81 299.00 183.03 452.81 249.44 1.53 1.59 3.83 -5.93 1.82 18.52 -3.12 0.35
Car 0.0 0 -1.71 647.69 180.64 693.54 218.11 1.57 1.63 3.74 2.61 1.94 32.49 -1.63 0.36
Car 0.0 0 0.47 213.43 186.91 371.85 240.77 1.40 1.56 4.06 -10.38 2.00 23.84 0.05 0.26
Car 0.0 0 -2.92 384.78 180.93 504.59 225.93 1.58 1.61 4.07 -6.23 1.92 27.30 3.14 0.27
