Car 0.0 0 -1.77 667.62 187.57 745.13 240.30 1.46 1.58 3.48 2.78 1.91 21.94 -1.64 5.58
Car 0.0 0 -1.71 641.99 183.89 690.54 221.20 1.52 1.67 3.96 2.32 2.00 31.22 -1.63 2.13
Car 0.0 0 -2.77 249.46 189.84 435.72 256.76 1.48 1.66 4.15 -6.46 1.94 17.58 -3.12 5.93
Car 0.0 0 -2.98 339.13 187.31 474.59 235.13 1.45 1.65 4.27 -6.63 1.96 23.60 3.03 1.51
Car 0.0 0 -2.88 310.34 188.85 465.63 241.12 1.44 1.61 4.16 -6.47 1.94 21.32 3.11 1.78
Car 0.0 0 -2.64 92.87 195.44 353.43 284.25 1.44 1.52 3.83 -6.97 1.88 13.13 -3.13 4.56
Car 0.0 0 -2.97 369.88 186.82 488.44 226.34 1.45 1.69 4.30 -7.04 2.01 28.05 3.07 0.40
Car 0.0 0 -2.58 1.92 192.38 301.59 312.53 1.50 1.65 4.04 -6.76 1.85 10.31 -3.14 3.12
Car 0.0 0 2.44 971.11 194.93 1192.77 320.06 1.50 1.67 4.16 7.07 1.75 9.35 3.01 1.60
Car 0.0 0 0.36 424.69 183.61 524.36 218.41 1.53 1.74 4.22 -6.10 2.01 32.51 0.18 0.31
