Car 0.0 0 1.42 652.77 170.47 696.04 206.39 1.49 1.55 3.45 2.70 1.38 31.31 1.51 2.21
Car 0.0 0 0.22 390.57 169.41 504.96 208.62 1.49 1.65 4.15 -6.30 1.36 28.14 0.00 1.44
Car 0.0 0 -1.85 706.90 176.54 838.50 271.76 1.50 1.59 3.67 2.80 1.58 13.39 -1.63 7.03
Car 0.0 0 -1.79 684.00 172.21 767.23 238.17 1.54 1.60 3.40 2.77 1.51 18.47 -1.63 3.75
Car 0.0 0 -1.99 744.37 152.52 1086.36 370.00 1.80 1.71 4.46 2.73 1.63 7.78 -1.59 9.02
Car 0.0 0 0.48 175.87 160.46 425.92 257.77 1.75 1.72 4.04 -5.81 1.54 13.76 0.07 2.86
Car 0.0 0 -2.72 71.34 162.34 371.50 276.60 1.72 1.74 4.03 -6.24 1.60 11.87 3.07 3.89
Car 0.0 0 0.36 273.14 167.19 459.14 232.90 1.57 1.58 4.10 -5.96 1.45 17.93 0.04 0.86
Car 0.0 0 -2.99 424.35 164.45 523.11 203.22 1.61 1.68 3.93 -6.01 1.27 31.89 3.11 0.66
Car 0.0 0 1.41 637.04 165.97 671.94 195.53 1.63 1.64 3.94 2.48 1.25 41.92 1.47 0.43
Car 0.0 0 -2.98 345.75 169.37 479.33 216.88 1.47 1.59 4.25 -6.58 1.40 24.25 3.04 0.32
Car 0.0 0 -2.64 11.00 178.52 300.10 301.65 1.49 1.63 3.86 -6.32 1.59 9.77 3.08 1.04
Car 0.0 0 0.35 269.45 165.16 453.42 235.84 1.57 1.55 4.01 -5.98 1.43 17.31 0.02 0.31
Car 0.0 0 -3.00 429.45 164.23 523.88 202.53 1.63 1.68 3.95 -5.87 1.27 32.30 3.10 0.30
