Car 0.0 0 -1.80 675.05 183.19 790.68 263.00 1.45 1.66 3.94 2.41 1.69 15.49 -1.63 9.68
Car 0.0 0 1.42 645.72 177.36 695.61 218.16 1.62 1.65 4.00 2.46 1.82 30.60 1.51 2.46
Car 0.0 0 -3.00 459.79 181.52 531.36 209.91 1.52 1.60 3.71 -6.21 1.99 39.56 3.13 1.00
Car 0.0 0 -2.66 112.97 189.74 398.55 286.87 1.48 1.58 4.24 -6.14 1.85 12.64 -3.12 5.26
Car 0.0 0 -2.68 388.54 184.63 499.12 225.87 1.44 1.59 3.80 -6.08 1.87 26.48 -2.91 1.18
Car 0.0 0 0.52 239.04 186.57 424.65 254.52 1.49 1.55 3.73 -6.55 1.85 17.20 0.15 2.40
Car 0.0 0 -3.01 488.60 179.90 549.46 204.99 1.55 1.67 3.91 -5.70 1.99 45.78 -3.13 0.13
Car 0.0 0 -2.56 25.67 194.17 328.92 317.06 1.44 1.59 3.92 -6.62 1.83 10.18 -3.10 1.39
Car 0.0 0 -2.58 28.88 194.14 311.82 321.12 1.44 1.60 3.86 -6.69 1.82 9.85 -3.13 1.16
Car 0.0 0 -2.67 377.06 186.34 485.93 232.51 1.44 1.58 3.75 -6.06 1.92 24.49 -2.91 0.20
Car 0.0 0 -2.73 333.98 187.10 474.80 236.43 1.48 1.57 3.70 -6.03 1.85 21.17 -3.01 0.31
