Car 0.0 0 -1.70 655.32 172.86 697.65 207.77 1.66 1.63 3.90 3.24 1.66 36.01 -1.61 2.02
Car 0.0 0 1.33 692.95 183.16 784.23 243.85 1.40 1.63 3.55 3.17 1.69 18.83 1.50 6.15
Car 0.0 0 0.57 87.07 185.83 408.40 288.62 1.45 1.66 4.28 -5.82 1.73 11.81 0.11 7.98
Car 0.0 0 -2.04 745.29 191.46 1102.44 374.00 1.48 1.66 4.02 2.77 1.70 7.70 -1.62 10.10
Car 0.0 0 -2.67 234.25 173.33 415.06 257.98 1.72 1.67 3.91 -6.55 1.78 16.41 -3.05 1.27
Car 0.0 0 -2.79 395.71 181.06 503.02 220.73 1.45 1.61 3.75 -6.09 1.77 27.48 -3.01 0.50
Car 0.0 0 -2.69 250.25 171.76 414.27 254.16 1.74 1.66 3.84 -6.65 1.76 17.03 -3.06 1.02
Car 0.0 0 -2.96 455.79 173.84 543.44 208.97 1.66 1.70 4.05 -5.27 1.70 34.64 -3.11 0.33
Car 0.0 0 -2.97 435.41 176.72 532.04 215.75 1.55 1.67 3.84 -5.22 1.73 30.07 3.14 0.13
Car 0.0 0 -2.78 394.57 181.07 501.24 222.80 1.45 1.61 3.75 -6.05 1.78 27.03 -3.00 0.24
Car 0.0 0 -2.99 464.80 175.22 542.48 208.22 1.64 1.67 3.95 -5.17 1.73 36.05 -3.14 0.13
Car 0.0 0 -2.68 363.62 181.07 484.95 231.88 1.48 1.60 3.62 -5.88 1.77 22.92 -2.93 0.26
