Car 0.0 0 -1.72 653.11 175.47 701.77 214.92 1.64 1.62 3.85 2.86 1.76 31.85 -1.62 2.47
Car 0.0 0 1.29 704.05 191.18 833.44 269.44 1.37 1.63 4.12 3.11 1.79 15.43 1.51 6.93
Car 0.0 0 -2.67 145.18 167.16 367.00 277.43 1.76 1.67 4.10 -6.66 1.69 13.31 -3.12 3.00
Car 0.0 0 -2.97 388.58 181.14 509.41 225.85 1.44 1.65 3.91 -5.40 1.73 24.37 3.09 0.79
Car 0.0 0 -2.67 55.65 180.06 331.39 296.55 1.54 1.60 4.07 -6.73 1.72 11.58 3.09 2.22
Car 0.0 0 -2.99 430.43 176.28 529.16 214.17 1.60 1.63 4.06 -5.51 1.73 30.82 3.11 0.58
Car 0.0 0 -2.99 426.95 177.10 524.60 215.63 1.55 1.63 3.87 -5.51 1.73 29.94 3.11 0.54
Car 0.0 0 -2.68 272.05 182.41 445.23 246.70 1.50 1.64 3.88 -6.51 1.80 18.92 -3.02 0.67
Car 0.0 0 -2.94 357.19 181.75 500.25 232.26 1.42 1.65 4.01 -5.58 1.73 22.42 3.09 0.30
Car 0.0 0 -2.79 341.77 181.91 484.10 235.62 1.46 1.62 3.84 -5.91 1.76 21.69 -3.06 0.35
Car 0.0 0 -3.02 471.08 177.05 549.61 205.67 1.57 1.65 4.01 -5.45 1.78 40.08 3.12 0.13
