Car 0.0 0 1.37 650.44 182.33 715.79 229.70 1.49 1.64 3.91 2.36 1.83 24.91 1.47 3.66
Car 0.0 0 0.44 322.52 184.61 462.26 233.16 1.46 1.65 4.22 -6.79 1.84 22.73 0.15 2.54
Car 0.0 0 -1.89 693.26 186.01 818.66 268.04 1.46 1.56 3.44 2.81 1.75 14.86 -1.69 9.20
Car 0.0 0 -2.81 245.53 182.59 434.95 251.07 1.56 1.68 4.07 -6.65 1.86 18.06 3.12 3.08
Car 0.0 0 -2.96 393.64 177.76 508.53 222.28 1.63 1.68 3.94 -6.01 1.83 27.33 3.10 2.25
Car 0.0 0 -2.59 -17.57 187.69 338.12 309.35 1.49 1.65 4.30 -6.43 1.79 10.46 3.14 8.75
Car 0.0 0 -2.68 113.65 189.18 392.92 278.83 1.44 1.56 4.09 -6.37 1.78 13.01 -3.14 5.14
Car 0.0 0 -3.02 460.62 179.17 532.90 206.37 1.52 1.68 4.04 -6.25 1.85 40.10 3.11 0.14
Car 0.0 0 -2.84 303.54 183.47 456.22 235.60 1.50 1.66 4.02 -6.98 1.84 22.17 3.14 0.41
Car 0.0 0 -3.01 480.41 178.01 535.25 205.62 1.56 1.70 4.08 -5.84 1.87 42.10 3.13 0.13
