Car 0.0 0 -1.93 457.17 212.38 671.32 344.68 1.48 1.67 3.95 -0.98 2.08 10.30 -1.99 10.72
Car 0.0 0 -1.87 393.08 212.34 521.83 296.31 1.46 1.60 3.52 -3.23 2.26 14.36 -2.08 7.69
Car 0.0 0 -1.75 340.61 204.59 439.65 276.72 1.67 1.68 3.93 -5.77 2.48 18.40 -2.05 3.99
Car 0.0 0 1.66 70.53 212.95 157.48 276.82 1.56 1.65 3.86 -14.13 2.73 20.44 1.06 2.50
Car 0.0 0 1.69 -22.59 231.87 108.77 327.99 1.40 1.58 3.83 -10.63 2.56 13.45 1.03 5.23
Car 0.0 0 1.42 289.05 213.55 343.49 251.71 1.40 1.61 4.03 -12.40 3.13 30.09 1.03 0.83
Car 0.0 0 -2.13 570.47 204.66 987.07 394.51 1.50 1.58 3.45 1.06 1.88 6.34 -1.90 5.11
Car 0.0 0 1.68 145.31 217.78 183.09 244.64 1.40 1.63 4.15 -25.76 4.04 41.67 1.12 0.83
Car 0.0 0 -1.74 310.90 211.14 371.36 258.68 1.51 1.60 3.46 -9.28 2.82 24.62 -2.10 1.01
Car 0.0 0 1.41 292.53 212.78 342.85 250.84 1.40 1.61 3.87 -11.81 3.01 28.96 1.03 0.21
Car 0.0 0 1.39 268.08 212.17 311.93 239.95 1.46 1.65 3.94 -17.30 3.54 38.73 0.97 0.12
