Car 0.0 0 -1.77 664.71 178.38 744.24 241.89 1.60 1.61 3.60 2.44 1.75 19.95 -1.64 5.39
Car 0.0 0 -2.97 404.57 184.68 495.20 219.98 1.44 1.54 3.46 -6.51 1.90 29.43 3.09 1.79
Car 0.0 0 0.41 252.49 182.19 446.94 248.18 1.53 1.62 4.28 -6.13 1.78 17.42 0.06 2.44
Car 0.0 0 -1.93 724.71 192.48 935.17 327.51 1.42 1.57 3.60 2.67 1.72 9.74 -1.64 13.45
Car 0.0 0 -2.70 95.98 169.54 389.02 278.02 1.76 1.72 4.10 -6.17 1.72 12.41 3.11 4.83
Car 0.0 0 -2.89 300.90 183.63 462.25 239.88 1.47 1.53 4.17 -6.43 1.81 20.52 3.09 0.98
Car 0.0 0 -1.72 652.38 180.34 710.45 225.87 1.53 1.62 3.67 2.46 1.82 26.32 -1.62 0.87
Car 0.0 0 -2.78 341.30 185.94 466.07 230.85 1.45 1.59 3.81 -6.59 1.84 23.17 -3.06 0.67
Car 0.0 0 -2.97 448.61 178.10 533.01 210.40 1.59 1.73 4.08 -5.96 1.86 36.45 -3.13 0.18
Car 0.0 0 1.43 638.20 179.94 680.01 212.58 1.52 1.64 3.86 2.26 1.87 35.13 1.50 0.29
Car 0.0 0 -3.01 473.25 177.71 544.53 206.37 1.55 1.69 3.99 -5.75 1.86 41.62 3.13 0.31
Car 0.0 0 -2.96 418.60 179.22 518.83 219.04 1.55 1.66 3.91 -5.98 1.88 30.92 3.13 0.28
Car 0.0 0 0.76 7.49 191.10 251.79 346.01 1.44 1.61 4.12 -6.19 1.68 7.77 0.17 2.08
