Car 0.0 0 0.33 352.93 174.24 490.12 227.18 1.52 1.60 3.75 -5.54 1.56 21.35 0.07 3.45
Car 0.0 0 -1.71 657.05 176.36 710.24 218.33 1.45 1.56 3.65 2.63 1.59 27.07 -1.61 2.66
Car 0.0 0 -2.94 375.01 174.42 505.98 221.31 1.48 1.56 4.30 -5.68 1.56 24.27 3.11 1.74
Car 0.0 0 -2.79 205.70 163.63 425.38 258.86 1.75 1.63 3.90 -5.82 1.61 14.36 3.11 3.27
Car 0.0 0 -1.84 698.08 170.47 828.87 275.40 1.73 1.67 3.88 2.66 1.69 13.70 -1.63 6.24
Car 0.0 0 0.52 105.13 176.27 399.77 277.25 1.56 1.67 4.14 -6.00 1.68 12.50 0.06 2.43
Car 0.0 0 -2.97 411.65 173.88 514.70 212.55 1.51 1.61 4.26 -6.06 1.58 29.94 3.11 0.30
Car 0.0 0 -2.99 427.78 172.94 522.01 207.53 1.64 1.69 4.27 -6.18 1.60 33.27 3.11 0.22
Car 0.0 0 0.57 33.18 181.50 342.17 307.52 1.55 1.61 3.71 -5.64 1.66 9.50 0.04 0.52
Car 0.0 0 1.51 623.85 170.69 649.98 192.80 1.60 1.64 3.85 1.94 1.43 53.28 1.55 0.17
