Car 0.0 0 -1.67 655.87 175.46 702.69 213.24 1.50 1.58 3.61 2.91 1.63 31.20 -1.57 2.37
Car 0.0 0 -1.80 709.57 187.25 829.54 268.71 1.39 1.52 3.75 3.03 1.70 14.79 -1.58 7.40
Car 0.0 0 0.45 205.47 179.43 446.98 255.78 1.43 1.53 4.34 -5.66 1.59 14.61 0.07 3.02
Car 0.0 0 0.52 106.32 176.30 423.61 282.68 1.49 1.66 4.41 -5.50 1.65 11.90 0.07 6.70
Car 0.0 0 -1.51 533.94 180.17 580.38 216.38 1.38 1.58 3.53 -2.06 1.64 28.13 -1.58 2.48
Car 0.0 0 -2.16 330.03 176.82 476.52 227.11 1.47 1.65 4.23 -6.11 1.56 21.30 -2.44 1.03
Car 0.0 0 -2.57 453.37 177.13 539.40 208.46 1.43 1.58 3.95 -5.15 1.59 32.40 -2.72 0.44
Car 0.0 0 -2.17 345.42 178.35 481.66 224.76 1.43 1.65 4.11 -6.11 1.57 22.30 -2.43 0.63
Car 0.0 0 -2.95 272.21 179.10 471.63 240.85 1.45 1.53 4.20 -5.64 1.57 17.15 3.01 0.52
Car 0.0 0 -2.67 -3.77 179.12 250.22 330.48 1.55 1.64 3.60 -6.04 1.58 8.31 3.02 0.59
Car 0.0 0 3.13 474.63 175.72 545.51 202.05 1.43 1.65 4.02 -5.57 1.59 39.99 3.00 0.14
Car 0.0 0 -2.14 813.74 196.95 1290.45 379.67 1.33 1.59 3.57 2.85 1.66 5.58 -1.59 0.94
Car 0.0 0 0.43 205.13 180.08 439.42 255.87 1.43 1.49 4.23 -5.78 1.60 14.75 0.05 0.62
