Car 0.0 0 -1.69 634.39 177.58 670.48 206.71 1.45 1.63 3.87 2.22 1.72 38.65 -1.63 1.53
Car 0.0 0 -0.40 791.63 184.04 985.97 255.20 1.45 1.65 3.69 5.93 1.71 15.82 -0.03 2.94
Car 0.0 0 -2.74 79.90 177.51 378.22 270.09 1.50 1.63 4.31 -6.64 1.67 13.00 3.05 5.21
Car 0.0 0 -2.88 276.06 171.09 455.36 238.23 1.72 1.72 4.23 -6.62 1.71 19.77 3.08 2.90
Car 0.0 0 2.73 739.96 180.84 890.03 232.11 1.43 1.66 4.13 5.83 1.67 21.23 3.01 2.41
Car 0.0 0 -2.84 198.92 180.59 403.57 252.90 1.51 1.60 3.88 -6.73 1.70 15.99 3.04 2.05
Car 0.0 0 -3.00 386.77 177.56 509.14 220.29 1.42 1.67 3.96 -5.62 1.58 24.96 3.07 1.10
Car 0.0 0 -2.88 280.05 172.16 453.54 236.91 1.72 1.73 4.30 -6.60 1.72 19.84 3.08 1.57
Car 0.0 0 -2.94 321.61 175.00 474.16 228.94 1.57 1.63 4.22 -6.56 1.65 22.22 3.05 0.79
Car 0.0 0 -2.08 820.23 167.89 1260.11 380.54 1.56 1.71 4.13 3.15 1.66 6.19 -1.54 2.76
Car 0.0 0 -0.16 715.60 175.73 842.94 223.98 1.58 1.60 3.99 5.62 1.67 24.50 0.07 0.58
Car 0.0 0 -0.27 717.88 177.50 841.88 223.16 1.49 1.59 3.86 5.61 1.64 24.20 -0.04 0.66
Car 0.0 0 1.15 912.84 176.28 1155.70 289.82 1.56 1.68 4.09 6.12 1.60 11.05 1.68 0.59
Car 0.0 0 1.17 872.50 174.68 1116.04 284.42 1.56 1.65 4.05 6.24 1.64 11.61 1.66 0.36
