Car 0.0 0 -2.94 373.03 176.18 491.76 218.76 1.49 1.64 4.17 -6.19 1.59 25.39 3.10 0.89
Car 0.0 0 -1.82 692.78 172.60 856.59 284.14 1.65 1.71 4.20 2.59 1.66 12.61 -1.60 7.67
Car 0.0 0 1.42 642.22 176.72 678.85 208.22 1.48 1.59 3.62 2.44 1.69 36.25 1.49 1.52
Car 0.0 0 -2.80 218.75 169.83 433.44 250.29 1.72 1.71 4.18 -6.19 1.67 16.12 3.11 3.34
Car 0.0 0 -1.78 676.38 182.05 755.50 244.78 1.45 1.61 3.71 2.61 1.69 18.82 -1.63 1.76
Car 0.0 0 -2.74 96.53 184.49 380.30 278.46 1.43 1.53 4.16 -6.38 1.71 12.64 3.07 3.57
Car 0.0 0 1.39 663.33 178.78 727.14 230.68 1.49 1.61 3.44 2.61 1.71 23.30 1.51 1.09
Car 0.0 0 -2.67 -22.50 182.94 352.07 307.87 1.49 1.60 4.41 -6.36 1.73 10.27 3.06 5.76
Car 0.0 0 -2.93 346.02 173.29 485.30 224.64 1.57 1.61 4.17 -6.02 1.57 22.46 3.09 0.54
Car 0.0 0 -3.00 439.47 171.72 526.25 205.17 1.61 1.70 4.00 -6.30 1.57 36.14 3.11 0.54
Car 0.0 0 -2.98 423.41 174.09 512.58 209.69 1.49 1.66 3.83 -6.28 1.58 32.22 3.11 0.41
Car 0.0 0 1.41 662.53 178.45 721.33 227.37 1.51 1.59 3.28 2.59 1.71 24.52 1.53 0.36
Car 0.0 0 -2.84 294.26 169.12 472.22 240.54 1.70 1.68 4.14 -5.71 1.63 18.31 3.14 0.51
Car 0.0 0 -3.02 459.40 173.51 538.86 202.75 1.61 1.68 3.96 -5.84 1.60 38.98 3.11 0.13
Car 0.0 0 -2.96 365.55 175.08 494.22 221.58 1.53 1.62 4.15 -6.21 1.63 25.20 3.08 0.23
