Car 0.0 0 1.84 343.06 186.26 469.45 263.02 1.56 1.68 4.20 -4.63 1.87 16.90 1.57 8.43
Car 0.0 0 -1.87 776.57 186.39 964.95 300.07 1.47 1.60 3.80 3.86 1.71 11.55 -1.52 12.52
Car 0.0 0 1.83 428.16 183.79 505.29 237.95 1.56 1.58 3.73 -4.51 1.93 22.99 1.64 4.46
Car 0.0 0 1.76 469.75 183.88 528.27 225.03 1.51 1.60 3.93 -4.45 1.98 29.33 1.61 2.63
Car 0.0 0 -1.72 692.12 177.48 745.78 220.17 1.60 1.65 3.80 4.25 1.81 29.06 -1.57 2.02
Car 0.0 0 -1.77 702.54 178.76 775.07 232.21 1.57 1.65 3.95 3.94 1.76 23.07 -1.59 4.02
Car 0.0 0 -1.79 733.28 181.23 832.28 251.83 1.53 1.57 3.57 3.95 1.73 17.27 -1.56 6.92
Car 0.0 0 1.74 534.36 179.25 570.29 205.39 1.56 1.63 3.91 -3.74 2.01 47.05 1.66 1.10
Car 0.0 0 -2.17 857.56 179.94 1223.46 379.36 1.57 1.63 3.82 3.63 1.67 6.13 -1.63 3.81
Car 0.0 0 -1.67 684.75 178.83 727.32 212.24 1.58 1.67 3.93 4.64 1.87 35.69 -1.54 0.08
Car 0.0 0 -1.79 734.21 182.05 833.79 252.50 1.53 1.58 3.63 3.99 1.74 17.32 -1.55 0.76
