Car 0.0 0 -1.74 648.73 174.16 735.82 235.91 1.45 1.65 3.98 2.01 1.50 19.17 -1.62 6.36
Car 0.0 0 -1.69 626.70 168.86 669.35 204.36 1.60 1.61 3.70 1.74 1.43 34.65 -1.64 1.90
Car 0.0 0 -2.76 202.56 178.29 419.21 252.82 1.49 1.61 4.24 -6.48 1.68 15.97 3.13 3.85
Car 0.0 0 -2.72 405.72 175.85 494.08 210.83 1.45 1.57 3.75 -6.84 1.58 30.94 -2.94 0.65
Car 0.0 0 -2.66 68.67 182.73 329.51 296.58 1.54 1.64 3.80 -5.88 1.68 10.87 3.11 1.27
Car 0.0 0 -2.80 287.60 177.93 436.43 231.72 1.45 1.55 3.82 -7.14 1.64 20.87 -3.13 0.78
Car 0.0 0 -2.78 388.37 177.36 480.98 216.60 1.47 1.52 3.43 -6.69 1.64 27.61 -3.02 0.59
Car 0.0 0 -2.98 457.19 172.56 520.61 198.04 1.57 1.63 3.64 -7.37 1.54 44.35 3.14 0.25
Car 0.0 0 -2.99 444.55 174.17 510.76 200.23 1.50 1.61 3.67 -7.69 1.57 41.94 3.11 0.16
Car 0.0 0 -2.82 284.83 176.93 439.44 233.56 1.45 1.55 3.89 -7.15 1.64 20.82 3.13 0.44
Car 0.0 0 -2.68 88.10 179.65 370.20 268.46 1.49 1.59 3.90 -6.28 1.59 12.22 3.12 0.58
Car 0.0 0 -3.00 479.45 171.71 525.19 195.76 1.59 1.65 3.76 -7.04 1.51 47.88 3.14 0.11
