Car 0.0 0 0.46 210.56 175.50 425.16 250.71 1.45 1.61 4.09 -6.37 1.58 15.94 0.07 5.46
Car 0.0 0 -1.77 679.74 183.30 778.06 249.27 1.42 1.60 3.64 2.68 1.68 17.52 -1.61 7.24
Car 0.0 0 1.39 654.18 174.25 705.53 218.87 1.58 1.61 3.73 2.51 1.64 27.36 1.49 2.72
Car 0.0 0 -2.86 326.06 164.44 479.01 231.31 1.81 1.68 3.92 -5.80 1.58 20.18 -3.14 3.52
Car 0.0 0 -2.96 382.38 175.15 503.48 219.49 1.50 1.61 4.13 -5.95 1.60 25.88 3.10 1.02
Car 0.0 0 -3.01 450.46 175.13 532.84 207.06 1.52 1.66 3.80 -5.83 1.66 36.13 3.11 0.64
Car 0.0 0 0.29 365.68 168.35 500.04 222.51 1.71 1.67 4.15 -5.86 1.58 23.87 0.05 1.11
Car 0.0 0 -2.69 21.39 181.40 314.50 289.34 1.49 1.54 3.63 -6.57 1.59 10.72 3.04 2.43
Car 0.0 0 -3.02 433.99 178.04 514.71 208.85 1.44 1.62 3.81 -6.29 1.66 33.64 3.08 0.33
Car 0.0 0 -2.58 -17.63 167.39 288.85 333.43 1.61 1.65 4.28 -6.34 1.57 8.29 3.12 2.21
Car 0.0 0 -3.05 489.68 172.66 555.94 198.54 1.55 1.74 4.06 -5.42 1.54 45.25 3.11 0.14
Car 0.0 0 1.45 639.67 175.38 677.31 205.84 1.54 1.67 4.08 2.43 1.67 38.00 1.52 0.07
