Car 0.0 0 -1.70 658.17 180.83 723.42 232.50 1.46 1.63 3.85 2.45 1.74 22.98 -1.59 4.85
Car 0.0 0 0.39 391.56 177.17 518.07 217.99 1.42 1.64 4.23 -5.61 1.58 26.17 0.18 2.40
Car 0.0 0 0.50 208.16 181.89 438.31 257.18 1.44 1.69 4.36 -6.08 1.69 15.53 0.12 6.13
Car 0.0 0 -1.55 537.25 174.30 580.82 201.21 1.46 1.63 3.72 -3.00 1.58 42.72 -1.62 0.47
Car 0.0 0 -2.51 480.92 175.83 553.86 199.64 1.42 1.67 4.00 -5.47 1.57 42.57 -2.63 0.35
Car 0.0 0 -1.64 653.85 179.47 699.11 219.03 1.49 1.62 3.71 2.68 1.81 30.33 -1.55 0.41
Car 0.0 0 -3.10 432.07 177.80 527.52 211.02 1.39 1.65 4.12 -5.76 1.62 31.88 3.01 0.36
Car 0.0 0 -0.51 897.15 182.08 1229.94 341.76 1.47 1.64 4.39 5.74 1.64 8.13 0.05 2.91
Car 0.0 0 -2.75 306.50 176.92 456.60 232.42 1.51 1.64 3.80 -6.68 1.65 21.25 -3.06 0.17
Car 0.0 0 -2.58 11.25 194.02 239.78 343.39 1.44 1.63 3.90 -6.36 1.72 7.95 3.11 0.88
