Car 0.0 0 -1.71 688.92 180.06 753.73 231.15 1.50 1.62 3.63 3.45 1.75 23.10 -1.56 4.69
Car 0.0 0 -1.85 734.08 177.37 896.53 283.35 1.59 1.70 4.11 3.35 1.69 12.73 -1.57 10.18
Car 0.0 0 2.04 154.69 196.92 372.92 302.37 1.44 1.66 4.19 -5.66 1.89 12.38 1.59 9.66
Car 0.0 0 1.81 434.11 185.13 501.25 224.67 1.42 1.69 4.09 -5.57 1.92 28.51 1.61 2.99
Car 0.0 0 -1.71 670.54 181.47 727.61 221.63 1.52 1.67 4.02 3.42 1.85 28.72 -1.58 2.20
Car 0.0 0 -2.09 814.85 185.82 1226.48 376.85 1.49 1.64 3.97 3.38 1.63 7.11 -1.57 9.14
Car 0.0 0 1.90 330.81 190.59 440.58 255.80 1.43 1.62 3.73 -5.60 1.90 18.31 1.60 5.37
Car 0.0 0 -1.68 653.03 179.05 691.65 209.57 1.53 1.67 3.77 3.24 1.88 38.45 -1.59 1.27
Car 0.0 0 1.76 497.60 180.39 534.01 206.07 1.48 1.59 3.59 -5.84 1.97 44.69 1.63 0.73
Car 0.0 0 -1.71 671.70 181.23 725.39 221.59 1.52 1.68 4.04 3.44 1.85 28.99 -1.59 0.53
