Car 0.0 0 -1.82 701.57 176.33 860.71 276.59 1.52 1.69 3.99 2.73 1.58 12.76 -1.58 9.92
Car 0.0 0 -1.77 684.81 171.27 774.89 235.56 1.60 1.68 3.92 3.06 1.58 19.62 -1.60 2.40
Car 0.0 0 1.82 337.83 190.29 476.97 284.36 1.46 1.63 3.94 -3.64 1.82 13.52 1.55 9.25
Car 0.0 0 -2.08 773.13 182.64 1177.71 380.83 1.50 1.64 3.64 2.77 1.62 6.71 -1.62 9.04
Car 0.0 0 2.00 77.99 196.82 405.77 381.83 1.49 1.63 3.86 -3.46 1.78 7.55 1.53 11.88
Car 0.0 0 1.76 459.43 179.19 527.05 228.91 1.53 1.68 4.02 -3.91 1.75 24.35 1.60 3.34
Car 0.0 0 1.79 412.07 181.01 502.12 242.77 1.53 1.68 4.07 -4.17 1.77 20.08 1.58 2.54
Car 0.0 0 -1.71 636.42 170.29 672.62 196.84 1.53 1.67 3.83 2.68 1.41 44.85 -1.65 0.72
Car 0.0 0 -1.75 673.59 171.29 744.46 223.21 1.56 1.61 3.55 3.14 1.56 23.93 -1.61 0.50
Car 0.0 0 -1.74 674.57 172.40 740.55 221.69 1.58 1.59 3.50 3.16 1.56 24.55 -1.61 0.29
