Car 0.0 0 -1.91 698.46 182.45 920.91 335.87 1.58 1.70 3.90 2.33 1.75 9.67 -1.64 10.81
Car 0.0 0 -2.89 382.85 189.74 502.26 229.47 1.49 1.62 4.29 -6.19 2.09 26.99 -3.11 0.65
Car 0.0 0 -1.62 630.14 187.11 663.30 213.83 1.43 1.55 3.50 2.08 2.29 41.95 -1.57 1.06
Car 0.0 0 -2.78 251.57 188.62 423.81 263.24 1.48 1.61 4.02 -6.24 1.93 16.77 3.14 0.35
Car 0.0 0 0.56 78.64 196.93 351.43 287.43 1.43 1.56 4.36 -6.75 1.85 12.80 0.06 0.61
Car 0.0 0 -2.98 414.29 182.14 521.71 224.13 1.65 1.67 4.36 -5.94 2.08 30.28 3.11 0.31
Car 0.0 0 0.37 370.54 188.88 498.64 230.90 1.50 1.59 4.38 -6.47 2.08 26.82 0.14 0.27
Car 0.0 0 -3.00 434.48 180.51 532.19 219.39 1.72 1.70 4.40 -5.73 2.06 32.62 3.11 0.27
Car 0.0 0 2.09 1.64 202.94 429.99 375.94 1.41 1.73 3.88 -2.78 1.70 5.99 1.59 2.17
Car 0.0 0 -2.76 281.49 191.87 411.24 266.53 1.48 1.58 3.90 -5.98 1.99 16.92 -3.11 0.17
