Car 0.0 0 1.43 646.36 176.12 685.56 208.39 1.45 1.55 3.51 2.55 1.61 34.04 1.51 1.81
Car 0.0 0 -1.86 711.05 167.30 915.12 309.58 1.73 1.73 4.44 2.67 1.66 10.70 -1.58 9.49
Car 0.0 0 1.35 669.10 176.77 737.05 232.64 1.50 1.54 3.27 2.60 1.63 21.45 1.48 2.45
Car 0.0 0 -1.77 686.66 182.29 780.44 254.24 1.45 1.55 3.47 2.62 1.66 16.30 -1.60 3.05
Car 0.0 0 -2.92 326.78 172.75 476.63 226.67 1.55 1.59 4.16 -5.99 1.53 20.90 3.08 1.05
Car 0.0 0 -2.78 166.15 168.92 413.40 260.22 1.70 1.71 4.09 -6.17 1.65 14.24 3.08 3.45
Car 0.0 0 0.21 402.41 174.65 506.49 211.15 1.49 1.65 3.97 -6.50 1.56 30.36 -0.00 0.83
Car 0.0 0 -2.68 -17.16 186.08 342.94 296.25 1.44 1.51 4.17 -6.36 1.65 10.33 3.05 2.70
Car 0.0 0 -2.82 255.89 165.41 454.67 246.18 1.75 1.73 4.11 -5.80 1.60 16.56 3.13 1.66
Car 0.0 0 -3.00 435.15 169.46 527.92 204.99 1.66 1.71 3.98 -6.13 1.51 34.90 3.11 0.51
Car 0.0 0 -2.72 91.62 183.30 360.48 273.32 1.47 1.54 3.85 -6.74 1.70 12.89 3.07 1.77
Car 0.0 0 -3.01 428.14 171.02 519.29 207.73 1.60 1.69 3.77 -6.17 1.54 32.82 3.09 0.27
Car 0.0 0 1.47 632.67 173.31 661.82 198.41 1.56 1.63 4.04 2.25 1.58 45.10 1.52 0.18
Car 0.0 0 -3.05 478.15 171.91 548.25 196.96 1.58 1.71 4.04 -5.97 1.48 45.11 3.10 0.14
Car 0.0 0 0.67 -2.78 187.50 287.42 345.19 1.47 1.65 4.33 -5.99 1.66 7.77 0.09 1.51
