Car 0.0 0 -0.44 799.26 185.91 981.65 252.60 1.47 1.64 3.87 6.69 1.82 17.56 -0.06 5.60
Car 0.0 0 -0.34 782.13 180.61 945.47 241.26 1.53 1.61 3.94 6.79 1.78 19.85 0.00 3.93
Car 0.0 0 -0.13 712.38 179.37 811.38 219.50 1.49 1.66 3.70 5.88 1.76 28.45 0.08 2.57
Car 0.0 0 -2.74 192.90 178.56 427.27 264.46 1.52 1.61 4.09 -5.96 1.68 14.46 -3.13 5.82
Car 0.0 0 -2.71 34.57 178.80 349.55 282.58 1.51 1.63 4.09 -6.67 1.70 11.90 3.05 7.09
Car 0.0 0 0.41 302.79 174.44 478.18 240.82 1.56 1.65 3.93 -5.44 1.62 18.08 0.11 3.46
Car 0.0 0 -2.95 344.03 172.88 493.57 230.01 1.60 1.61 3.99 -5.61 1.60 21.17 3.08 0.90
Car 0.0 0 -3.03 458.33 175.97 539.93 207.64 1.53 1.66 3.72 -5.48 1.69 35.97 3.11 0.66
Car 0.0 0 -1.66 640.54 178.10 673.22 204.99 1.46 1.63 3.72 2.72 1.79 42.25 -1.60 1.10
Car 0.0 0 -0.53 892.36 182.46 1203.11 323.54 1.52 1.71 4.41 6.14 1.70 9.12 0.02 6.48
Car 0.0 0 -3.02 368.01 174.81 496.79 222.87 1.54 1.63 3.85 -5.73 1.58 23.29 3.02 0.45
Car 0.0 0 -2.99 444.06 176.31 527.71 209.63 1.51 1.63 3.78 -5.73 1.67 33.44 3.12 0.32
Car 0.0 0 -3.07 484.74 175.99 553.79 202.75 1.52 1.72 4.04 -5.20 1.69 41.78 3.09 0.11
