Car 0.0 0 -1.67 657.26 175.67 701.23 213.09 1.56 1.58 3.60 3.11 1.73 33.22 -1.57 2.02
Car 0.0 0 -1.51 541.68 181.48 586.38 215.94 1.38 1.55 3.55 -1.92 1.73 30.15 -1.57 2.40
Car 0.0 0 -2.59 465.04 178.95 547.32 211.64 1.45 1.58 3.93 -4.69 1.71 32.43 -2.73 1.03
Car 0.0 0 -3.03 315.85 178.36 487.69 237.13 1.49 1.63 4.32 -5.36 1.61 18.59 2.97 1.87
Car 0.0 0 -1.79 701.54 186.03 802.69 258.57 1.41 1.56 3.65 3.06 1.75 16.62 -1.59 5.62
Car 0.0 0 0.52 192.66 179.47 446.16 268.24 1.47 1.65 4.25 -5.43 1.66 13.70 0.14 6.47
Car 0.0 0 -2.03 774.41 202.63 1110.91 378.11 1.37 1.59 3.74 2.81 1.72 7.24 -1.60 8.42
Car 0.0 0 0.58 -3.63 169.04 311.32 314.79 1.63 1.72 4.15 -6.13 1.57 8.63 0.01 2.26
Car 0.0 0 0.39 255.42 179.64 466.60 247.44 1.45 1.51 4.30 -5.60 1.63 16.44 0.06 1.47
Car 0.0 0 -2.19 354.76 178.15 491.83 225.03 1.49 1.61 4.24 -5.98 1.61 22.81 -2.44 0.33
