Car 0.0 0 -1.72 675.68 175.34 742.76 224.75 1.62 1.70 3.86 3.42 1.73 25.68 -1.58 2.94
Car 0.0 0 -1.75 692.55 174.77 773.37 235.65 1.57 1.64 3.52 3.36 1.65 20.64 -1.58 5.76
Car 0.0 0 1.84 398.70 189.24 478.42 235.57 1.46 1.65 3.88 -5.87 2.04 24.95 1.60 4.30
Car 0.0 0 2.03 113.99 206.66 332.24 321.10 1.43 1.62 3.81 -6.01 2.03 11.68 1.54 8.85
Car 0.0 0 2.55 969.60 134.64 1236.06 226.14 1.76 1.71 4.15 9.96 1.01 14.81 -3.14 4.33
Car 0.0 0 1.79 443.09 186.29 501.60 224.62 1.47 1.66 4.09 -5.65 2.03 29.87 1.60 2.01
Car 0.0 0 1.89 292.99 196.85 418.69 265.67 1.42 1.70 4.25 -6.18 2.05 17.95 1.56 5.22
Car 0.0 0 1.79 489.74 183.59 529.45 210.38 1.46 1.55 3.57 -5.84 2.10 42.03 1.65 0.95
Car 0.0 0 -0.48 931.90 141.41 1150.04 219.65 1.70 1.65 3.83 10.23 1.01 17.37 0.06 0.76
Car 0.0 0 -1.70 658.13 179.52 702.45 208.51 1.43 1.58 3.56 3.38 1.73 35.88 -1.61 0.36
Car 0.0 0 -1.68 655.49 179.12 697.96 207.33 1.44 1.59 3.56 3.40 1.75 37.71 -1.59 0.20
