Car 0.0 0 1.35 686.70 180.86 766.14 235.11 1.41 1.65 3.74 3.18 1.65 20.83 1.51 4.89
Car 0.0 0 -1.94 723.92 187.62 964.06 332.41 1.49 1.64 4.28 2.79 1.71 9.77 -1.63 13.24
Car 0.0 0 -2.73 396.04 180.78 497.42 226.70 1.46 1.58 3.47 -5.54 1.74 24.36 -2.95 2.32
Car 0.0 0 -1.70 653.87 171.15 692.63 204.36 1.67 1.63 3.80 3.30 1.60 38.49 -1.61 1.79
Car 0.0 0 0.52 155.49 186.27 433.69 273.93 1.43 1.67 4.33 -5.82 1.73 13.53 0.11 7.22
Car 0.0 0 -2.73 302.11 171.07 445.28 234.45 1.74 1.67 3.79 -7.23 1.76 21.96 -3.05 0.92
Car 0.0 0 -2.76 411.49 179.78 508.42 220.96 1.43 1.59 3.72 -5.71 1.72 27.34 -2.97 0.65
Car 0.0 0 -3.00 449.29 173.54 541.47 212.23 1.64 1.67 3.93 -5.07 1.69 32.46 3.13 0.14
Car 0.0 0 0.72 -0.13 179.90 250.01 351.57 1.51 1.63 4.19 -6.74 1.69 8.27 0.13 1.20
Car 0.0 0 -2.98 475.01 173.72 548.35 206.36 1.64 1.66 3.94 -4.98 1.68 37.55 -3.12 0.18
Car 0.0 0 -2.97 433.63 177.62 527.28 215.45 1.47 1.61 3.73 -5.49 1.72 30.89 3.14 0.21
Car 0.0 0 -2.74 277.00 176.65 435.96 240.46 1.61 1.66 3.83 -7.07 1.77 20.25 -3.08 0.20
Car 0.0 0 -2.98 505.69 174.57 550.41 202.10 1.59 1.68 3.98 -4.58 1.66 40.90 -3.09 0.08
