Car 0.0 0 1.10 705.36 177.81 781.72 209.24 1.51 1.64 3.76 6.56 1.76 35.84 1.28 1.32
Car 0.0 0 0.48 231.16 178.46 457.08 256.24 1.45 1.67 4.25 -5.53 1.64 15.34 0.13 5.35
Car 0.0 0 -2.00 746.63 171.05 1006.73 347.63 1.67 1.65 3.74 2.81 1.68 8.63 -1.64 12.13
Car 0.0 0 -3.00 377.07 166.07 507.78 217.73 1.78 1.77 4.41 -6.18 1.58 26.61 3.06 1.47
Car 0.0 0 -2.95 322.14 175.38 479.57 231.96 1.55 1.65 4.14 -5.94 1.63 20.64 3.05 1.79
Car 0.0 0 -3.00 425.51 169.44 524.41 205.70 1.75 1.75 4.44 -6.36 1.56 34.49 3.09 0.22
Car 0.0 0 -2.73 -59.44 166.06 321.40 332.98 1.61 1.70 4.19 -6.02 1.72 9.50 2.97 0.62
Car 0.0 0 -2.75 110.80 172.80 367.74 268.89 1.60 1.66 3.56 -6.12 1.58 12.15 3.06 0.51
Car 0.0 0 -2.96 330.70 174.84 469.34 232.61 1.60 1.70 3.94 -5.96 1.65 20.72 3.04 0.43
Car 0.0 0 2.15 -30.86 172.67 275.17 286.16 1.50 1.65 4.24 -8.40 1.65 13.01 1.56 0.23
Car 0.0 0 -2.69 51.24 176.54 344.99 300.39 1.61 1.65 3.79 -5.67 1.66 10.15 3.07 0.34
