Car 0.0 0 -1.74 672.19 178.46 760.23 248.86 1.57 1.64 3.72 2.42 1.71 17.75 -1.59 6.39
Car 0.0 0 -2.77 389.61 183.91 492.63 222.70 1.44 1.54 3.39 -6.40 1.86 27.46 -3.00 1.74
Car 0.0 0 -1.97 756.17 196.88 1052.56 377.22 1.45 1.60 3.63 2.74 1.73 7.80 -1.58 13.00
Car 0.0 0 -2.63 13.56 167.09 341.21 295.61 1.79 1.72 4.00 -6.15 1.72 10.49 3.11 6.19
Car 0.0 0 0.42 206.88 183.03 426.71 258.48 1.52 1.58 4.18 -6.13 1.77 15.45 0.03 2.74
Car 0.0 0 -1.72 656.53 181.78 719.79 230.66 1.49 1.65 3.92 2.48 1.80 24.23 -1.61 1.82
Car 0.0 0 -2.86 258.36 182.59 445.69 246.83 1.47 1.50 4.26 -6.37 1.76 18.12 3.08 1.30
Car 0.0 0 -2.94 455.82 177.51 537.51 207.57 1.57 1.69 4.07 -6.09 1.82 38.80 -3.10 0.40
Car 0.0 0 -1.68 641.86 179.00 686.21 214.80 1.55 1.64 3.81 2.36 1.84 33.24 -1.61 0.34
Car 0.0 0 0.46 372.45 184.68 478.38 224.54 1.45 1.55 3.45 -6.79 1.87 26.68 0.21 0.56
Car 0.0 0 -3.00 467.02 177.26 542.64 206.95 1.55 1.69 4.03 -5.72 1.82 40.05 -3.14 0.25
Car 0.0 0 -2.93 418.85 177.54 519.99 218.82 1.60 1.70 4.03 -5.84 1.84 30.31 -3.12 0.18
Car 0.0 0 -2.86 279.11 184.43 452.84 243.09 1.48 1.55 4.20 -6.32 1.78 18.97 3.10 0.41
Car 0.0 0 -1.73 658.55 181.32 715.73 231.23 1.51 1.65 3.87 2.42 1.82 24.10 -1.63 0.35
