Car 0.0 0 -3.00 339.71 176.88 501.07 231.98 1.49 1.66 4.31 -5.28 1.59 20.02 3.03 3.02
Car 0.0 0 -1.96 744.96 196.41 971.66 337.92 1.39 1.58 3.86 2.89 1.73 9.45 -1.62 13.63
Car 0.0 0 -1.76 695.04 182.55 779.87 246.13 1.46 1.60 3.74 3.16 1.73 18.96 -1.58 4.27
Car 0.0 0 -1.66 657.80 173.59 697.76 208.23 1.55 1.60 3.69 3.26 1.62 35.34 -1.57 1.83
Car 0.0 0 -1.50 545.17 177.16 589.07 210.43 1.41 1.58 3.53 -1.92 1.60 31.87 -1.56 2.45
Car 0.0 0 0.48 247.29 178.44 467.44 254.68 1.44 1.65 4.19 -5.38 1.62 15.54 0.15 5.76
Car 0.0 0 -2.57 477.87 176.53 547.28 204.82 1.45 1.59 3.70 -5.08 1.63 37.35 -2.70 0.74
Car 0.0 0 0.60 8.43 166.69 347.92 281.55 1.61 1.69 4.16 -6.49 1.57 11.02 0.06 1.81
Car 0.0 0 -2.71 122.70 176.87 382.29 266.73 1.47 1.51 3.83 -6.37 1.58 13.07 3.11 1.45
Car 0.0 0 -2.98 324.54 178.66 498.21 235.03 1.46 1.64 4.19 -5.27 1.60 19.34 3.04 0.69
