Car 0.0 0 -1.84 757.17 183.08 899.50 276.19 1.48 1.59 3.68 3.85 1.69 13.56 -1.55 10.75
Car 0.0 0 1.87 379.18 184.87 486.82 251.02 1.54 1.70 4.20 -4.54 1.86 19.01 1.63 7.47
Car 0.0 0 -2.01 829.27 179.44 1122.40 355.13 1.58 1.59 3.57 3.91 1.70 8.53 -1.54 13.53
Car 0.0 0 -1.79 724.57 180.22 809.31 240.80 1.51 1.59 3.70 4.13 1.71 19.79 -1.57 6.13
Car 0.0 0 1.80 449.37 182.40 517.04 231.22 1.56 1.54 3.61 -4.38 1.90 25.24 1.63 3.86
Car 0.0 0 -1.76 700.21 177.77 762.95 225.45 1.55 1.65 4.05 4.15 1.74 25.56 -1.59 3.36
Car 0.0 0 1.77 482.17 182.07 536.99 220.97 1.54 1.66 4.28 -4.28 1.95 31.12 1.63 2.31
Car 0.0 0 -1.69 689.14 176.43 739.66 217.23 1.61 1.69 4.03 4.41 1.80 31.45 -1.55 0.78
Car 0.0 0 1.74 543.97 177.68 579.65 203.51 1.58 1.64 3.98 -3.21 1.94 48.26 1.67 0.76
Car 0.0 0 -1.68 688.18 176.95 734.46 214.88 1.59 1.68 3.98 4.62 1.82 33.71 -1.54 0.26
