Car 0.0 0 -2.79 421.97 173.60 513.41 207.80 1.44 1.61 3.63 -6.01 1.47 30.67 -2.99 2.12
Car 0.0 0 -1.96 754.42 190.89 978.51 334.73 1.39 1.61 3.63 2.92 1.63 9.16 -1.62 10.62
Car 0.0 0 -2.75 125.77 171.83 387.71 262.11 1.51 1.67 3.92 -6.21 1.53 13.13 3.08 5.11
Car 0.0 0 1.08 705.35 171.76 849.94 221.45 1.47 1.74 4.45 5.42 1.49 23.89 1.31 1.35
Car 0.0 0 1.10 800.76 183.30 1001.60 268.51 1.45 1.65 4.09 5.47 1.63 14.14 1.49 0.90
Car 0.0 0 -2.97 439.67 171.83 523.18 204.75 1.46 1.65 3.86 -5.99 1.42 33.55 3.13 0.67
Car 0.0 0 -2.73 264.44 168.78 468.08 245.36 1.58 1.66 3.83 -5.32 1.50 16.09 -3.06 1.59
Car 0.0 0 0.60 -10.96 170.05 321.18 328.31 1.58 1.57 4.27 -5.30 1.50 7.48 0.03 1.11
Car 0.0 0 0.60 -5.62 165.57 329.12 323.62 1.56 1.56 4.32 -5.44 1.48 7.61 0.05 0.89
Car 0.0 0 1.20 766.49 175.15 919.98 239.43 1.47 1.66 4.18 5.65 1.51 17.79 1.52 0.19
Car 0.0 0 -3.03 478.12 166.59 548.86 195.95 1.63 1.70 4.07 -5.59 1.29 42.37 3.12 0.17
