Car 0.0 0 1.82 227.19 212.73 356.12 306.07 1.39 1.57 3.77 -5.99 2.23 13.88 1.40 7.62
Car 0.0 0 -1.77 562.25 190.38 661.21 268.38 1.64 1.63 3.68 -0.15 2.07 17.13 -1.76 5.73
Car 0.0 0 -1.84 616.75 201.03 771.62 303.73 1.45 1.59 3.70 1.22 1.99 12.61 -1.72 9.45
Car 0.0 0 -1.72 523.36 196.42 572.50 236.30 1.50 1.60 3.59 -2.63 2.45 29.14 -1.80 2.23
Car 0.0 0 -2.02 686.45 206.62 994.33 385.19 1.45 1.61 3.79 2.10 1.86 8.06 -1.71 11.57
Car 0.0 0 2.04 -43.10 230.21 288.21 389.03 1.38 1.64 3.94 -4.34 1.95 6.94 1.44 4.75
Car 0.0 0 1.74 331.35 193.02 408.91 253.51 1.62 1.66 3.99 -7.13 2.24 21.60 1.42 2.58
Car 0.0 0 -1.74 538.19 193.70 605.75 247.30 1.60 1.59 3.42 -1.34 2.27 23.21 -1.79 1.37
Car 0.0 0 1.71 398.34 198.09 435.53 223.78 1.45 1.64 4.17 -11.64 2.98 43.56 1.45 0.85
Car 0.0 0 -1.69 511.29 196.17 548.23 223.50 1.53 1.65 3.84 -4.54 2.76 39.73 -1.80 0.13
Car 0.0 0 -1.69 502.14 196.18 538.13 221.45 1.52 1.65 3.84 -5.52 2.90 43.82 -1.82 0.14
