Car 0.0 0 -1.78 681.60 197.24 799.66 280.08 1.51 1.68 3.92 2.54 2.03 15.29 -1.60 6.62
Car 0.0 0 -1.88 729.28 196.36 946.72 346.05 1.51 1.62 3.51 2.65 1.86 9.45 -1.57 12.86
Car 0.0 0 -1.77 665.40 195.55 742.43 249.95 1.56 1.63 3.63 2.80 2.30 22.73 -1.64 1.70
Car 0.0 0 1.75 468.76 202.72 528.49 246.11 1.51 1.67 3.99 -4.20 2.65 27.40 1.59 2.76
Car 0.0 0 1.80 384.87 208.93 494.42 283.71 1.43 1.61 3.95 -3.76 2.28 16.43 1.57 6.95
Car 0.0 0 1.89 241.47 213.27 444.38 345.33 1.45 1.61 3.87 -3.59 2.08 10.32 1.54 13.12
Car 0.0 0 -1.68 629.43 195.46 662.81 220.25 1.54 1.63 3.69 2.34 3.06 47.71 -1.63 0.54
Car 0.0 0 1.77 437.30 203.62 504.89 253.68 1.51 1.67 3.91 -4.45 2.52 23.58 1.58 0.98
Car 0.0 0 -1.74 660.30 196.49 719.38 240.52 1.50 1.58 3.45 2.82 2.38 26.61 -1.63 0.32
Car 0.0 0 -0.49 825.03 182.97 929.33 220.62 1.44 1.70 3.94 11.29 1.94 30.93 -0.14 0.09
