Car 0.0 0 -1.77 652.78 182.45 710.56 224.63 1.53 1.65 3.58 2.62 1.89 27.62 -1.67 3.07
Car 0.0 0 -2.87 327.74 190.47 466.21 241.41 1.46 1.63 3.90 -6.40 2.01 21.73 3.13 4.53
Car 0.0 0 -2.94 354.30 188.43 481.40 231.76 1.44 1.59 4.19 -6.75 1.99 25.33 3.09 1.14
Car 0.0 0 -2.66 839.23 176.78 1059.27 254.40 1.47 1.67 4.14 6.77 1.55 14.77 -2.22 4.27
Car 0.0 0 1.41 627.78 181.68 668.99 211.43 1.47 1.65 3.88 1.89 1.94 37.72 1.47 1.05
Car 0.0 0 -2.99 376.46 188.24 488.17 226.12 1.43 1.64 4.26 -6.89 2.02 28.09 3.05 0.82
Car 0.0 0 -2.81 208.13 195.02 403.72 264.64 1.45 1.60 3.98 -6.64 1.95 15.95 3.08 0.82
Car 0.0 0 -3.06 458.77 183.20 524.72 212.92 1.45 1.68 3.83 -6.14 2.01 37.75 3.06 0.37
Car 0.0 0 -2.72 -52.65 169.17 331.47 324.37 1.81 1.72 4.49 -7.21 1.94 10.95 2.98 1.71
Car 0.0 0 -3.02 416.82 186.78 501.97 217.61 1.43 1.66 4.02 -7.07 2.07 34.13 3.06 0.13
