Car 0.0 0 0.41 373.43 176.87 515.01 222.66 1.41 1.62 4.22 -5.38 1.56 23.57 0.18 3.02
Car 0.0 0 -1.73 672.94 182.05 755.58 243.89 1.43 1.59 3.84 2.60 1.70 19.04 -1.59 6.45
Car 0.0 0 0.53 86.16 176.24 403.79 279.76 1.54 1.69 4.34 -5.97 1.63 12.07 0.06 6.98
Car 0.0 0 -1.69 659.59 176.97 710.74 218.90 1.50 1.59 3.53 2.77 1.67 27.81 -1.59 1.33
Car 0.0 0 -2.52 481.07 174.87 552.71 200.12 1.43 1.64 3.92 -5.33 1.53 41.20 -2.65 0.46
Car 0.0 0 -1.50 546.03 173.03 585.33 201.57 1.51 1.62 3.63 -2.51 1.54 40.76 -1.56 0.89
Car 0.0 0 -3.03 424.26 175.47 523.04 212.32 1.44 1.64 4.18 -5.50 1.55 29.23 3.07 0.41
Car 0.0 0 1.47 640.67 172.64 669.15 197.97 1.53 1.58 3.60 2.77 1.53 45.59 1.54 0.22
Car 0.0 0 -2.71 254.41 176.23 426.10 242.21 1.54 1.62 3.88 -6.24 1.57 16.74 -3.07 0.36
Car 0.0 0 0.42 349.53 175.65 494.65 228.62 1.52 1.61 4.16 -5.88 1.64 22.64 0.17 0.43
Car 0.0 0 -2.73 264.21 175.19 433.24 239.88 1.53 1.61 3.91 -6.32 1.57 17.27 -3.08 0.19
