Car 0.0 0 1.74 483.15 181.28 531.81 216.96 1.56 1.58 3.69 -4.67 1.94 33.23 1.60 3.05
Car 0.0 0 2.01 145.15 193.62 384.04 324.75 1.54 1.66 4.20 -4.88 1.87 10.87 1.57 11.79
Car 0.0 0 -1.79 723.17 181.06 830.57 257.30 1.52 1.63 3.92 3.56 1.71 16.31 -1.56 6.90
Car 0.0 0 -1.88 762.03 184.14 963.67 306.29 1.50 1.59 3.73 3.47 1.67 10.88 -1.54 12.46
Car 0.0 0 -1.76 706.77 179.33 782.54 235.22 1.54 1.65 3.67 3.85 1.73 21.47 -1.57 3.67
Car 0.0 0 -1.74 688.91 177.96 746.91 221.11 1.54 1.66 4.02 3.98 1.73 27.54 -1.59 2.41
Car 0.0 0 1.86 323.09 190.92 453.37 266.12 1.45 1.64 4.11 -4.92 1.87 16.42 1.56 4.26
Car 0.0 0 -2.15 890.78 192.47 1303.96 381.61 1.47 1.64 3.69 3.70 1.67 5.88 -1.55 1.73
Car 0.0 0 2.47 1122.06 176.80 1252.54 232.04 1.56 1.60 4.02 17.76 1.70 21.83 -3.14 0.15
Car 0.0 0 1.74 511.09 180.34 550.22 210.85 1.62 1.63 4.05 -4.36 2.04 39.99 1.63 0.34
