Car 0.0 0 -2.97 379.58 176.18 498.26 219.45 1.59 1.68 4.20 -6.43 1.72 27.30 3.08 0.99
Car 0.0 0 -2.89 250.01 173.44 440.52 246.37 1.69 1.70 4.14 -6.47 1.76 17.89 3.04 2.13
Car 0.0 0 -1.75 666.97 183.71 738.23 237.88 1.47 1.62 3.66 2.59 1.78 21.34 -1.62 1.27
Car 0.0 0 1.41 657.85 181.98 715.23 226.90 1.47 1.63 3.84 2.57 1.79 25.60 1.52 1.01
Car 0.0 0 1.44 636.03 178.85 671.69 209.01 1.50 1.59 3.72 2.26 1.85 38.69 1.50 0.86
Car 0.0 0 -2.88 201.64 182.38 411.46 259.05 1.49 1.56 4.00 -6.60 1.77 15.99 3.01 2.31
Car 0.0 0 -2.72 91.84 184.23 394.19 285.40 1.49 1.59 4.32 -6.05 1.75 12.15 3.09 5.22
Car 0.0 0 -2.90 344.10 173.25 487.84 227.41 1.72 1.66 4.32 -6.27 1.74 23.40 3.12 0.51
Car 0.0 0 -2.61 -7.22 183.66 290.74 315.11 1.53 1.62 4.20 -6.65 1.70 9.36 3.10 3.10
Car 0.0 0 -1.81 684.56 176.66 810.09 271.84 1.59 1.69 3.99 2.53 1.71 14.40 -1.63 1.22
Car 0.0 0 -3.00 479.65 175.02 548.03 200.65 1.67 1.69 3.92 -5.87 1.73 44.76 -3.13 0.10
Car 0.0 0 -2.87 320.75 173.53 481.08 235.88 1.72 1.71 4.29 -6.03 1.76 20.78 3.13 0.33
Car 0.0 0 -1.84 682.08 175.21 809.32 269.63 1.63 1.70 3.97 2.53 1.72 14.59 -1.65 0.92
