Car 0.0 0 2.58 881.58 145.22 1063.07 211.91 1.70 1.69 4.06 9.54 0.99 19.29 3.04 3.93
Car 0.0 0 -1.71 674.64 177.02 736.50 223.26 1.56 1.61 3.38 3.34 1.71 25.94 -1.58 2.63
Car 0.0 0 1.84 433.51 188.41 494.45 226.01 1.42 1.60 3.71 -5.84 2.04 29.05 1.64 3.13
Car 0.0 0 2.06 81.89 207.09 329.32 327.52 1.45 1.61 3.92 -6.00 2.04 11.29 1.55 10.81
Car 0.0 0 -1.72 663.35 177.18 726.09 216.12 1.54 1.64 3.73 3.48 1.74 30.64 -1.60 1.14
Car 0.0 0 1.85 363.97 192.05 454.32 244.47 1.43 1.70 4.09 -6.28 2.08 22.87 1.58 3.79
Car 0.0 0 1.90 268.27 199.33 400.76 274.82 1.41 1.66 3.96 -6.10 2.05 16.35 1.54 5.82
Car 0.0 0 2.68 833.12 150.93 987.82 207.01 1.61 1.63 4.05 9.25 0.97 22.37 3.07 0.47
Car 0.0 0 1.76 461.77 186.39 510.16 221.08 1.50 1.69 4.21 -5.70 2.13 33.63 1.59 0.35
Car 0.0 0 -1.72 661.95 176.42 719.43 217.32 1.53 1.62 3.54 3.34 1.74 30.29 -1.61 0.32
Car 0.0 0 1.76 462.73 185.15 511.59 220.26 1.49 1.66 4.13 -5.60 2.07 33.16 1.59 0.55
Car 0.0 0 1.74 497.27 182.88 535.16 207.13 1.49 1.58 3.61 -5.84 2.11 45.29 1.61 0.19
