Car 0.0 0 -2.89 350.53 165.92 493.55 228.03 1.83 1.69 4.04 -5.78 1.63 22.09 3.14 3.32
Car 0.0 0 0.41 254.78 177.02 442.60 242.95 1.46 1.62 4.10 -6.32 1.60 17.60 0.06 4.44
Car 0.0 0 -1.74 675.57 184.34 758.63 243.18 1.42 1.60 3.68 2.74 1.74 19.52 -1.60 6.29
Car 0.0 0 1.41 652.41 175.91 699.13 218.15 1.59 1.57 3.59 2.55 1.72 29.18 1.50 2.15
Car 0.0 0 -2.07 771.45 192.37 1098.56 375.61 1.48 1.58 3.50 2.82 1.73 7.40 -1.64 9.25
Car 0.0 0 -2.91 388.08 175.33 507.15 220.07 1.55 1.63 3.89 -5.89 1.66 26.31 -3.14 1.21
Car 0.0 0 -2.61 -8.13 172.35 343.85 299.93 1.55 1.60 4.30 -6.19 1.57 9.98 3.12 5.27
Car 0.0 0 -2.99 459.76 177.10 540.32 207.29 1.52 1.66 3.83 -5.62 1.75 37.42 3.14 0.60
Car 0.0 0 -3.05 495.50 174.35 562.31 198.96 1.52 1.74 4.24 -5.20 1.62 46.45 3.12 0.20
Car 0.0 0 -2.99 430.54 179.66 516.67 211.89 1.47 1.63 3.92 -6.23 1.77 33.18 3.10 0.17
Car 0.0 0 1.44 638.39 177.39 670.59 203.93 1.53 1.64 4.12 2.45 1.76 41.44 1.50 0.11
Car 0.0 0 -2.71 110.07 176.87 352.75 265.41 1.46 1.58 3.74 -7.10 1.61 13.75 3.09 0.34
