Car 0.0 0 -1.83 741.24 181.90 906.68 294.72 1.52 1.62 3.68 3.21 1.68 11.73 -1.54 12.11
Car 0.0 0 -1.69 679.66 181.83 726.89 219.17 1.44 1.61 3.98 3.71 1.80 29.44 -1.56 2.87
Car 0.0 0 -2.86 372.22 180.17 504.83 230.58 1.52 1.58 3.69 -5.53 1.79 23.35 -3.09 3.51
Car 0.0 0 -2.79 335.84 181.98 473.44 236.77 1.52 1.59 3.46 -5.96 1.79 21.00 -3.07 4.58
Car 0.0 0 -1.78 713.41 177.64 813.82 254.58 1.60 1.68 3.97 3.38 1.72 16.81 -1.57 6.22
Car 0.0 0 0.63 8.50 180.43 341.57 332.93 1.56 1.68 4.41 -5.97 1.71 8.65 0.09 5.77
Car 0.0 0 -2.74 204.48 181.98 419.65 258.29 1.48 1.63 4.20 -6.38 1.73 15.62 -3.14 4.81
Car 0.0 0 -2.93 423.00 178.73 536.83 220.21 1.55 1.66 4.07 -4.93 1.78 27.72 -3.11 0.59
Car 0.0 0 -3.03 470.77 178.63 562.16 210.47 1.46 1.70 4.15 -4.42 1.73 34.47 3.13 0.47
Car 0.0 0 -2.93 415.97 179.08 528.66 222.68 1.54 1.65 3.96 -5.10 1.80 26.80 -3.11 0.55
