Car 0.0 0 -2.90 350.21 184.35 474.88 229.78 1.51 1.67 4.03 -6.75 1.91 24.82 3.11 3.01
Car 0.0 0 -1.75 637.66 181.39 687.57 218.64 1.52 1.64 3.59 2.13 1.86 30.67 -1.67 2.61
Car 0.0 0 -2.92 374.58 184.30 486.30 221.99 1.44 1.59 4.19 -7.09 1.89 28.61 3.12 1.17
Car 0.0 0 2.67 791.84 180.53 965.36 243.17 1.44 1.65 4.29 6.74 1.66 18.60 3.03 4.58
Car 0.0 0 -2.73 87.86 167.83 397.81 281.29 1.77 1.72 4.52 -6.64 1.77 13.22 3.08 3.34
Car 0.0 0 1.41 617.36 179.96 656.52 208.31 1.52 1.68 3.89 1.39 1.93 40.56 1.45 0.40
Car 0.0 0 -2.91 375.63 184.25 485.20 222.80 1.45 1.57 4.15 -6.99 1.89 28.16 3.13 0.44
Car 0.0 0 -2.85 242.97 188.34 411.97 247.09 1.47 1.63 4.06 -6.48 1.78 16.86 3.06 0.58
Car 0.0 0 -2.63 3.77 188.86 325.65 306.44 1.50 1.55 4.23 -6.96 1.83 10.96 3.10 1.51
Car 0.0 0 -2.54 -2.17 188.97 219.32 337.13 1.53 1.62 3.49 -6.86 1.75 8.61 3.14 2.15
Car 0.0 0 -2.98 411.23 183.15 493.55 214.05 1.45 1.64 4.23 -7.52 1.94 34.64 3.09 0.14
Car 0.0 0 -3.02 443.68 180.34 515.41 208.45 1.53 1.69 3.84 -7.26 1.95 40.47 3.08 0.13
Car 0.0 0 -2.84 206.87 187.31 410.63 254.93 1.50 1.60 4.19 -6.54 1.78 15.81 3.05 0.31
