Car 0.0 0 1.98 175.67 190.71 399.28 317.56 1.54 1.69 4.45 -4.78 1.86 11.38 1.56 11.71
Car 0.0 0 1.82 349.98 186.94 467.76 259.61 1.53 1.64 3.96 -4.72 1.88 17.37 1.55 7.80
Car 0.0 0 -1.75 699.08 177.20 768.95 230.80 1.55 1.66 3.92 3.81 1.71 23.11 -1.58 3.58
Car 0.0 0 -1.81 720.27 180.00 824.58 250.49 1.52 1.62 3.94 3.70 1.69 17.34 -1.59 7.02
Car 0.0 0 1.82 417.52 186.02 500.85 237.69 1.44 1.60 4.08 -4.68 1.87 22.69 1.62 4.62
Car 0.0 0 -1.87 769.55 181.31 936.52 290.31 1.51 1.58 3.55 3.72 1.66 11.81 -1.54 11.80
Car 0.0 0 1.76 512.43 179.38 557.82 209.85 1.56 1.64 3.91 -4.04 1.93 39.39 1.66 1.89
Car 0.0 0 -2.14 864.39 192.78 1253.50 379.70 1.49 1.63 3.89 3.71 1.69 6.31 -1.59 5.36
Car 0.0 0 -1.71 686.52 177.00 732.15 212.35 1.55 1.66 3.83 4.56 1.76 33.96 -1.58 0.50
Car 0.0 0 -1.72 689.37 177.02 739.72 216.84 1.52 1.62 3.68 4.37 1.75 30.98 -1.57 0.44
