Car 0.0 0 -0.36 748.66 184.35 882.13 234.20 1.46 1.68 4.04 6.24 1.82 22.23 -0.08 3.32
Car 0.0 0 0.43 255.10 173.53 444.78 239.71 1.53 1.70 4.00 -6.26 1.59 17.71 0.09 5.29
Car 0.0 0 -2.99 386.52 170.00 509.64 222.91 1.68 1.64 3.81 -5.48 1.61 24.29 3.07 2.79
Car 0.0 0 -0.12 694.15 180.43 780.93 212.79 1.48 1.62 3.77 6.05 1.86 34.91 0.05 1.48
Car 0.0 0 -2.86 317.68 174.58 479.56 233.25 1.52 1.63 4.05 -5.78 1.58 19.80 3.14 2.66
Car 0.0 0 2.58 836.07 185.60 1034.27 261.13 1.44 1.63 3.83 7.04 1.79 16.07 3.00 0.36
Car 0.0 0 -3.02 460.01 172.37 542.86 203.64 1.57 1.71 4.12 -5.71 1.56 38.06 3.11 0.55
Car 0.0 0 -0.13 739.43 181.51 861.79 227.18 1.50 1.59 4.19 6.48 1.83 25.08 0.13 1.00
Car 0.0 0 0.31 362.74 174.50 497.30 225.86 1.49 1.62 3.83 -5.70 1.58 22.95 0.07 0.56
Car 0.0 0 -3.03 476.10 174.13 546.64 201.90 1.53 1.69 3.98 -5.43 1.59 40.34 3.11 0.22
Car 0.0 0 1.08 863.49 188.04 1034.88 258.49 1.45 1.64 3.91 7.62 1.83 16.88 1.52 0.13
