Car 0.0 0 0.31 366.65 169.67 502.46 218.57 1.55 1.66 3.98 -5.65 1.45 23.33 0.07 2.66
Car 0.0 0 1.44 654.21 173.30 700.31 211.01 1.47 1.59 3.77 2.70 1.49 30.07 1.54 2.02
Car 0.0 0 -2.98 386.88 171.33 509.41 214.84 1.47 1.59 4.22 -5.81 1.44 25.98 3.08 1.37
Car 0.0 0 -2.12 760.23 190.35 1183.86 370.79 1.46 1.63 3.95 2.74 1.65 6.68 -1.65 7.18
Car 0.0 0 -1.82 689.57 166.01 802.66 256.17 1.75 1.68 3.95 2.72 1.62 15.75 -1.63 3.69
Car 0.0 0 -2.87 232.77 164.59 443.79 243.15 1.65 1.66 4.12 -5.87 1.49 15.73 3.05 1.61
Car 0.0 0 0.49 170.87 172.16 434.72 257.80 1.49 1.63 4.31 -5.70 1.54 13.79 0.09 1.84
Car 0.0 0 -2.98 413.50 171.43 518.05 209.16 1.48 1.59 4.25 -5.91 1.43 29.76 3.11 0.35
Car 0.0 0 -3.00 421.84 169.59 521.22 205.60 1.55 1.67 4.27 -6.09 1.42 32.08 3.10 0.29
Car 0.0 0 -2.67 73.68 174.66 391.02 285.22 1.50 1.59 4.11 -5.76 1.58 11.23 3.13 0.59
Car 0.0 0 2.19 -22.60 176.47 190.31 262.46 1.38 1.54 3.49 -11.81 1.61 16.67 1.56 0.12
Car 0.0 0 0.48 119.79 171.73 415.86 266.91 1.49 1.59 4.20 -5.56 1.50 11.96 0.03 0.37
