Car 0.0 0 -1.76 685.38 174.86 765.30 231.62 1.55 1.65 3.57 3.37 1.65 22.07 -1.60 4.54
Car 0.0 0 1.84 408.82 188.86 481.72 233.20 1.43 1.62 3.80 -5.84 2.02 25.79 1.61 4.06
Car 0.0 0 1.98 164.09 203.83 354.03 305.65 1.43 1.64 3.98 -6.06 2.04 12.91 1.53 9.33
Car 0.0 0 -1.73 672.14 175.75 735.26 222.72 1.58 1.66 3.68 3.40 1.72 26.94 -1.60 1.97
Car 0.0 0 2.55 941.89 137.21 1195.09 220.48 1.75 1.71 4.13 9.90 1.00 16.03 3.12 4.54
Car 0.0 0 1.89 314.75 195.05 429.76 258.78 1.42 1.68 4.07 -6.15 2.05 19.08 1.57 4.14
Car 0.0 0 1.78 448.64 185.33 502.59 223.77 1.50 1.68 4.14 -5.70 2.05 30.95 1.59 1.26
Car 0.0 0 1.77 491.02 184.04 528.61 209.60 1.44 1.55 3.64 -5.94 2.11 42.81 1.63 0.51
Car 0.0 0 2.19 11.24 214.33 240.16 387.74 1.46 1.56 3.63 -5.82 1.97 7.81 1.60 3.07
Car 0.0 0 -1.66 654.94 178.40 702.21 206.31 1.47 1.61 3.58 3.60 1.76 38.87 -1.56 0.20
Car 0.0 0 -0.44 915.69 143.55 1106.66 215.19 1.65 1.61 3.86 10.48 0.98 19.03 0.07 0.42
Car 0.0 0 -1.69 668.66 178.81 720.33 217.25 1.50 1.63 3.63 3.48 1.75 30.59 -1.57 0.19
