Car 0.0 0 -1.70 633.75 179.61 676.44 212.98 1.48 1.65 4.18 2.07 1.82 34.40 -1.64 2.36
Car 0.0 0 -0.34 738.60 182.80 894.69 239.29 1.42 1.60 4.11 5.37 1.69 19.21 -0.06 2.58
Car 0.0 0 -0.48 845.88 184.82 1146.87 287.87 1.50 1.65 3.97 5.93 1.72 11.48 0.02 5.89
Car 0.0 0 -2.90 361.98 181.24 499.57 225.69 1.38 1.63 4.17 -5.61 1.61 22.77 3.14 0.66
Car 0.0 0 -2.75 151.30 167.17 396.77 262.84 1.80 1.76 4.19 -6.73 1.72 14.67 3.10 3.07
Car 0.0 0 2.71 770.24 181.05 972.99 253.39 1.54 1.64 4.27 5.86 1.75 16.68 3.06 2.02
Car 0.0 0 2.69 808.39 183.10 1027.48 261.08 1.54 1.60 4.13 6.37 1.76 15.39 3.10 1.62
Car 0.0 0 -2.69 -16.78 188.45 322.52 296.25 1.48 1.53 4.06 -6.83 1.71 10.80 3.03 1.13
Car 0.0 0 -0.59 927.86 190.11 1289.03 327.76 1.50 1.61 3.79 6.04 1.72 8.68 0.01 1.57
Car 0.0 0 -2.91 348.85 181.95 494.15 232.86 1.38 1.62 3.99 -5.45 1.65 21.09 3.12 0.30
Car 0.0 0 -2.61 3.81 190.17 262.48 339.11 1.47 1.62 4.23 -6.53 1.70 8.09 3.09 1.48
Car 0.0 0 -2.77 233.12 172.18 436.19 246.95 1.65 1.67 4.26 -6.34 1.63 16.70 -3.13 0.56
