Car 0.0 0 -2.87 391.39 166.22 510.77 215.50 1.75 1.70 4.00 -5.76 1.51 26.10 -3.09 2.51
Car 0.0 0 1.37 665.91 179.26 730.59 226.06 1.40 1.58 3.56 2.76 1.62 23.63 1.50 5.16
Car 0.0 0 0.38 328.27 173.40 473.19 226.83 1.48 1.60 3.99 -6.14 1.52 21.22 0.10 3.28
Car 0.0 0 -1.88 722.54 182.82 893.25 298.90 1.49 1.60 3.51 2.87 1.67 11.36 -1.62 10.69
Car 0.0 0 -2.71 162.06 173.06 417.01 261.06 1.54 1.55 4.29 -6.08 1.55 13.89 -3.13 4.27
Car 0.0 0 1.42 646.09 172.29 689.54 208.76 1.57 1.60 3.78 2.52 1.55 32.81 1.50 1.56
Car 0.0 0 -3.04 480.98 172.36 551.18 200.45 1.56 1.69 3.87 -5.29 1.52 41.22 3.11 0.32
Car 0.0 0 -2.13 785.87 197.36 1212.61 374.08 1.38 1.61 3.72 2.83 1.66 6.09 -1.64 2.51
Car 0.0 0 0.51 40.07 158.06 388.46 280.09 1.74 1.71 4.21 -5.72 1.53 10.79 0.01 1.80
Car 0.0 0 -2.97 418.36 171.51 522.84 210.70 1.56 1.63 4.01 -5.77 1.52 30.23 3.12 0.44
Car 0.0 0 -3.03 465.45 174.93 535.78 201.69 1.49 1.65 3.77 -5.94 1.58 39.75 3.11 0.24
Car 0.0 0 0.63 0.58 157.32 277.91 360.26 1.72 1.69 4.07 -5.39 1.54 6.73 0.05 0.80
