Car 0.0 0 -2.91 375.05 163.57 505.57 218.25 1.80 1.71 4.09 -5.77 1.49 24.40 3.14 3.04
Car 0.0 0 1.36 671.09 178.24 743.17 229.72 1.39 1.58 3.54 2.78 1.57 21.71 1.50 5.67
Car 0.0 0 -2.64 102.54 170.85 386.13 275.38 1.55 1.59 4.29 -6.19 1.54 12.19 -3.10 6.04
Car 0.0 0 -1.95 740.45 183.61 962.28 329.64 1.48 1.59 3.41 2.80 1.65 9.28 -1.62 12.98
Car 0.0 0 1.41 647.91 170.61 694.48 209.37 1.59 1.63 3.89 2.58 1.51 31.64 1.49 1.87
Car 0.0 0 0.41 296.52 173.66 459.07 231.44 1.46 1.60 4.07 -6.25 1.50 19.50 0.10 3.06
Car 0.0 0 -3.03 475.92 171.53 547.14 199.79 1.54 1.66 3.89 -5.38 1.45 39.86 3.12 0.42
Car 0.0 0 -3.00 419.00 173.92 516.25 211.05 1.48 1.62 3.99 -5.65 1.51 29.07 3.09 0.70
Car 0.0 0 -2.97 400.65 168.68 517.59 214.23 1.54 1.65 4.10 -5.84 1.46 27.78 3.11 0.50
Car 0.0 0 -3.04 485.71 170.28 556.41 198.20 1.55 1.69 4.05 -5.12 1.41 41.96 3.12 0.18
Car 0.0 0 0.61 -34.81 160.02 333.75 301.19 1.75 1.69 4.02 -6.42 1.62 9.88 0.04 1.39
