Car 0.0 0 -1.85 750.07 181.82 887.31 271.38 1.53 1.58 3.64 3.82 1.70 14.07 -1.57 9.58
Car 0.0 0 -2.02 824.78 188.85 1133.17 360.73 1.50 1.64 3.80 3.84 1.71 8.44 -1.55 13.68
Car 0.0 0 -1.75 694.75 178.00 757.69 225.87 1.57 1.68 3.92 3.97 1.75 25.46 -1.59 3.11
Car 0.0 0 1.75 521.77 179.26 560.89 208.09 1.57 1.62 3.85 -4.03 1.98 42.62 1.66 1.62
Car 0.0 0 1.90 260.11 188.89 431.57 289.70 1.55 1.66 4.37 -4.74 1.88 13.54 1.55 9.61
Car 0.0 0 1.84 386.24 184.97 485.87 248.18 1.55 1.65 4.00 -4.69 1.89 19.85 1.61 5.60
Car 0.0 0 -1.70 684.64 177.52 725.28 212.04 1.57 1.66 3.83 4.50 1.81 34.89 -1.57 0.74
Car 0.0 0 1.79 444.02 185.02 511.52 232.14 1.48 1.62 4.12 -4.54 1.91 25.12 1.61 2.55
Car 0.0 0 -1.79 712.80 179.47 798.01 241.21 1.56 1.66 3.91 3.85 1.73 19.93 -1.59 2.68
Car 0.0 0 -1.79 711.95 178.88 794.54 240.26 1.55 1.66 3.85 3.85 1.73 20.09 -1.60 1.30
Car 0.0 0 -1.76 696.68 178.42 757.54 225.95 1.57 1.67 3.82 3.99 1.77 25.57 -1.59 0.35
