Car 0.0 0 -1.73 652.34 172.28 712.54 220.05 1.66 1.65 3.88 2.56 1.65 26.99 -1.63 3.54
Car 0.0 0 -2.91 375.23 171.93 505.09 221.71 1.66 1.65 4.17 -5.86 1.63 25.07 3.14 1.82
Car 0.0 0 -2.03 744.01 196.34 991.80 338.29 1.39 1.56 4.11 2.98 1.73 9.50 -1.68 11.17
Car 0.0 0 -2.96 430.27 172.02 529.68 208.76 1.68 1.70 4.28 -6.03 1.65 34.01 -3.14 0.40
Car 0.0 0 -2.93 412.72 173.65 515.52 212.26 1.58 1.62 4.12 -6.10 1.63 30.51 -3.12 0.51
Car 0.0 0 -2.94 390.12 172.29 512.75 217.66 1.61 1.57 4.25 -6.15 1.65 28.24 3.13 0.29
Car 0.0 0 -2.85 315.17 177.02 471.32 241.02 1.50 1.58 3.73 -5.53 1.65 18.73 -3.14 0.49
Car 0.0 0 -2.99 457.09 173.30 534.22 203.75 1.68 1.69 4.19 -5.94 1.65 38.39 3.13 0.12
Car 0.0 0 -2.85 314.50 177.89 469.10 239.70 1.49 1.56 3.72 -5.65 1.65 18.97 3.14 0.25
Car 0.0 0 1.43 630.22 174.18 657.31 196.48 1.53 1.63 3.85 2.28 1.61 50.19 1.48 0.15
