Car 0.0 0 -1.80 708.26 186.46 835.70 275.55 1.38 1.60 3.76 2.77 1.65 13.40 -1.58 7.16
Car 0.0 0 -2.70 71.31 179.03 402.23 292.96 1.51 1.57 4.37 -5.49 1.64 10.69 3.11 6.00
Car 0.0 0 0.45 770.97 175.68 950.47 240.81 1.58 1.69 4.52 6.44 1.69 19.23 0.79 3.19
Car 0.0 0 -2.93 370.62 176.05 495.21 223.35 1.66 1.71 4.11 -6.44 1.79 26.28 3.12 1.36
Car 0.0 0 -2.78 235.39 180.63 450.55 254.94 1.49 1.62 4.14 -5.50 1.66 15.13 -3.13 3.58
Car 0.0 0 -2.84 297.99 180.72 462.34 237.82 1.46 1.57 4.11 -6.16 1.69 19.49 3.13 1.06
Car 0.0 0 -1.66 635.60 177.66 666.26 202.75 1.46 1.67 4.06 2.47 1.77 44.31 -1.60 0.88
Car 0.0 0 -2.88 336.72 179.27 473.53 230.45 1.53 1.66 4.00 -6.43 1.76 22.75 3.12 0.71
Car 0.0 0 -3.00 429.25 179.21 532.17 213.73 1.44 1.72 4.01 -5.44 1.69 30.71 3.11 0.75
Car 0.0 0 0.71 -24.62 185.05 349.99 326.80 1.47 1.58 4.05 -5.58 1.68 9.00 0.16 3.54
Car 0.0 0 1.36 702.27 175.81 766.42 209.81 1.45 1.68 4.31 5.92 1.65 34.92 1.53 0.10
Car 0.0 0 1.33 704.33 177.15 775.36 213.05 1.42 1.67 4.26 5.60 1.67 32.41 1.51 0.11
Car 0.0 0 -2.85 309.13 180.01 468.37 235.65 1.48 1.60 4.02 -6.32 1.72 20.76 3.14 0.26
Car 0.0 0 0.70 -31.58 188.85 324.62 327.72 1.45 1.55 3.80 -5.89 1.71 9.09 0.13 1.63
