Car 0.0 0 1.71 522.77 179.08 573.92 217.54 1.36 1.55 3.70 -2.31 1.59 27.20 1.62 3.11
Car 0.0 0 -1.68 654.38 172.07 703.72 212.81 1.59 1.59 3.67 2.79 1.56 30.10 -1.59 2.66
Car 0.0 0 -2.77 130.59 177.75 421.58 269.82 1.44 1.55 4.42 -5.70 1.57 12.49 3.08 4.13
Car 0.0 0 -1.84 716.17 186.30 855.58 279.18 1.39 1.51 3.68 2.98 1.66 13.19 -1.60 8.53
Car 0.0 0 -2.60 445.45 174.75 533.87 205.74 1.42 1.58 4.03 -5.70 1.49 33.62 -2.76 0.68
Car 0.0 0 -2.65 10.42 177.15 387.88 301.77 1.48 1.60 4.42 -5.59 1.62 10.00 3.11 5.00
Car 0.0 0 -2.89 242.68 175.87 457.96 248.24 1.46 1.54 4.25 -5.67 1.56 15.86 3.05 1.26
Car 0.0 0 -2.74 294.68 176.55 462.78 232.89 1.47 1.59 4.16 -6.08 1.54 19.11 -3.05 0.74
Car 0.0 0 0.93 482.08 175.14 529.32 203.15 1.39 1.61 3.99 -5.48 1.53 37.93 0.79 0.12
Car 0.0 0 -2.83 284.95 176.04 461.05 236.12 1.48 1.58 4.14 -6.08 1.55 18.62 3.14 0.41
