Car 0.0 0 -1.76 662.42 177.27 736.85 238.56 1.62 1.61 3.61 2.43 1.76 20.83 -1.63 5.31
Car 0.0 0 -1.90 717.79 190.72 901.57 309.94 1.43 1.55 3.60 2.73 1.73 10.84 -1.63 12.96
Car 0.0 0 0.39 263.98 179.73 453.67 245.69 1.56 1.62 4.27 -6.16 1.76 17.99 0.06 1.83
Car 0.0 0 -3.00 400.06 184.79 492.70 219.28 1.42 1.57 3.61 -6.80 1.91 30.09 3.06 1.24
Car 0.0 0 -2.71 144.92 169.34 402.72 271.00 1.77 1.70 3.98 -6.11 1.72 13.36 3.14 4.79
Car 0.0 0 0.69 -8.15 188.18 291.20 326.10 1.49 1.60 4.10 -6.36 1.70 8.77 0.11 5.09
Car 0.0 0 -2.91 310.26 184.19 470.53 237.80 1.45 1.52 4.20 -6.32 1.80 20.92 3.08 0.71
Car 0.0 0 -2.87 338.49 185.78 469.71 231.63 1.43 1.56 4.02 -6.51 1.83 22.94 3.14 0.88
Car 0.0 0 1.43 650.12 178.81 705.13 223.83 1.54 1.61 3.66 2.41 1.80 27.28 1.52 0.75
Car 0.0 0 -2.99 439.57 177.72 530.36 214.04 1.64 1.75 4.02 -5.91 1.90 34.55 3.13 0.17
Car 0.0 0 1.44 637.26 179.42 677.60 211.67 1.51 1.63 3.95 2.25 1.86 36.18 1.51 0.27
Car 0.0 0 -3.01 474.11 177.61 544.61 205.88 1.57 1.71 3.97 -5.80 1.87 42.12 3.14 0.29
Car 0.0 0 -2.98 418.83 179.58 519.74 218.63 1.55 1.69 3.98 -6.07 1.91 31.58 3.11 0.18
Car 0.0 0 -2.98 383.16 185.42 483.64 223.15 1.43 1.56 3.74 -6.80 1.92 28.07 3.06 0.22
