Car 0.0 0 2.59 861.01 147.00 1039.63 209.37 1.67 1.69 4.05 9.34 0.97 20.23 3.03 3.89
Car 0.0 0 -1.75 668.90 175.47 735.04 219.96 1.54 1.60 3.39 3.28 1.64 26.53 -1.62 2.56
Car 0.0 0 1.84 439.45 187.73 498.71 223.78 1.43 1.62 3.82 -5.91 2.05 30.47 1.64 2.99
Car 0.0 0 1.97 149.42 203.16 350.40 308.74 1.45 1.62 3.93 -6.04 2.02 12.59 1.51 9.62
Car 0.0 0 1.85 378.41 191.02 461.02 240.21 1.44 1.68 4.03 -6.21 2.06 23.84 1.59 4.37
Car 0.0 0 1.89 293.63 196.90 413.50 266.90 1.45 1.67 4.03 -6.17 2.06 17.69 1.55 5.13
Car 0.0 0 1.79 464.19 185.27 511.93 217.95 1.51 1.69 4.23 -5.76 2.08 34.46 1.62 1.26
Car 0.0 0 -1.73 659.82 176.58 728.66 212.80 1.52 1.62 3.66 3.67 1.71 32.32 -1.62 0.54
Car 0.0 0 2.69 806.81 153.98 948.47 203.13 1.59 1.62 4.14 9.10 0.98 24.69 3.04 0.44
Car 0.0 0 -2.19 1166.00 130.57 1250.16 179.19 1.75 1.73 4.11 22.96 0.21 27.15 -1.49 0.36
