Car 0.0 0 -1.86 743.90 191.94 883.14 285.30 1.53 1.61 3.79 3.84 1.96 14.42 -1.59 6.95
Car 0.0 0 -1.74 707.56 194.38 785.13 252.00 1.42 1.63 3.79 3.71 2.05 20.45 -1.55 5.60
Car 0.0 0 -2.00 809.77 190.47 1091.47 378.38 1.61 1.62 3.62 3.41 1.83 8.17 -1.55 11.50
Car 0.0 0 1.70 553.41 187.88 594.71 217.98 1.45 1.62 4.25 -1.83 2.21 36.90 1.65 1.89
Car 0.0 0 -1.70 700.46 192.57 760.41 236.34 1.45 1.59 3.71 4.25 2.17 26.18 -1.54 1.13
Car 0.0 0 -1.72 674.63 190.04 714.74 222.09 1.48 1.57 3.56 4.04 2.33 35.45 -1.60 0.53
Car 0.0 0 1.77 446.13 175.92 551.19 268.25 1.71 1.70 4.21 -2.29 1.79 15.70 1.61 3.74
Car 0.0 0 2.10 -2.27 209.31 412.41 380.63 1.36 1.69 3.71 -3.06 1.76 6.08 1.59 1.22
Car 0.0 0 2.09 2.26 213.34 416.77 384.16 1.36 1.69 3.75 -3.05 1.79 6.12 1.58 1.03
Car 0.0 0 -1.72 673.62 190.91 709.95 219.49 1.47 1.62 3.71 4.16 2.38 37.85 -1.61 0.06
