Car 0.0 0 -2.81 386.58 177.95 502.04 223.64 1.52 1.57 3.50 -5.69 1.71 24.91 -3.04 3.17
Car 0.0 0 -1.79 722.34 179.68 837.52 260.75 1.51 1.63 3.79 3.39 1.65 15.38 -1.56 7.26
Car 0.0 0 0.53 103.94 177.96 421.61 278.54 1.50 1.67 4.48 -5.55 1.65 11.96 0.08 5.50
Car 0.0 0 1.35 701.70 175.56 783.01 237.05 1.58 1.66 3.79 3.60 1.67 20.61 1.53 3.55
Car 0.0 0 -2.76 295.06 179.82 466.81 238.15 1.47 1.62 4.17 -6.20 1.70 19.67 -3.07 4.12
Car 0.0 0 -1.71 680.56 178.21 725.66 211.17 1.42 1.58 3.75 4.16 1.68 32.98 -1.58 1.60
Car 0.0 0 -2.92 445.02 176.71 545.72 213.91 1.48 1.63 4.03 -4.77 1.67 30.26 -3.08 1.21
Car 0.0 0 -2.98 462.39 176.69 556.52 211.40 1.55 1.68 4.01 -4.50 1.70 32.67 -3.11 0.27
Car 0.0 0 -2.90 418.67 177.50 529.66 220.33 1.52 1.65 3.85 -5.07 1.72 27.20 -3.09 1.19
Car 0.0 0 -2.85 382.57 178.26 500.83 225.20 1.52 1.59 3.54 -5.74 1.72 24.70 -3.08 0.62
