Car 0.0 0 -2.91 360.56 164.90 499.15 223.85 1.82 1.71 4.12 -5.77 1.57 22.99 3.13 3.20
Car 0.0 0 1.36 672.40 182.78 751.73 237.44 1.42 1.61 3.76 2.74 1.70 20.47 1.50 5.78
Car 0.0 0 -2.00 755.74 190.31 1018.13 358.31 1.47 1.59 3.45 2.78 1.69 8.28 -1.63 14.28
Car 0.0 0 0.41 275.96 175.80 451.52 238.02 1.47 1.61 4.03 -6.27 1.58 18.56 0.08 4.16
Car 0.0 0 1.42 650.60 174.25 698.05 215.27 1.60 1.62 3.90 2.57 1.67 30.12 1.50 2.02
Car 0.0 0 -2.62 46.04 172.89 373.56 286.55 1.53 1.59 4.30 -6.07 1.55 10.90 -3.12 6.30
Car 0.0 0 -2.95 393.08 172.89 512.90 216.89 1.55 1.63 4.08 -5.82 1.57 26.88 3.12 1.12
Car 0.0 0 -3.02 457.48 176.15 537.40 205.60 1.50 1.67 3.90 -5.81 1.68 37.83 3.11 0.53
Car 0.0 0 -3.04 485.74 174.14 556.71 201.80 1.55 1.72 4.04 -5.15 1.63 42.07 3.12 0.14
Car 0.0 0 -3.02 425.99 177.30 517.71 210.77 1.46 1.61 4.07 -6.16 1.66 32.43 3.07 0.25
