Car 0.0 0 -1.83 749.64 181.93 876.29 267.52 1.51 1.59 3.66 3.88 1.70 14.54 -1.55 9.13
Car 0.0 0 1.83 394.84 184.46 494.55 246.65 1.53 1.67 4.12 -4.48 1.86 20.03 1.60 7.57
Car 0.0 0 -1.74 694.97 177.34 755.48 223.42 1.55 1.65 4.01 4.12 1.73 26.64 -1.58 2.81
Car 0.0 0 -1.93 809.80 179.48 1052.46 332.47 1.60 1.57 3.44 3.88 1.70 9.46 -1.51 11.78
Car 0.0 0 1.75 491.28 181.63 542.64 219.25 1.57 1.67 4.37 -4.12 1.97 32.38 1.63 2.02
Car 0.0 0 -1.67 686.76 176.31 731.61 214.25 1.59 1.68 3.92 4.55 1.80 33.75 -1.53 0.59
Car 0.0 0 1.75 548.34 177.65 582.65 203.09 1.59 1.61 3.91 -3.01 1.95 48.93 1.69 0.72
Car 0.0 0 -1.77 720.64 179.12 796.83 237.04 1.55 1.63 3.85 4.14 1.72 20.80 -1.57 3.24
Car 0.0 0 1.81 456.36 182.41 523.32 229.68 1.57 1.61 3.89 -4.30 1.93 26.21 1.65 2.10
Car 0.0 0 -1.75 698.31 177.94 756.29 222.45 1.54 1.64 3.94 4.17 1.73 26.67 -1.59 0.38
Car 0.0 0 -1.79 719.55 178.25 796.69 235.93 1.54 1.64 3.76 4.16 1.71 20.94 -1.59 0.77
