Car 0.0 0 1.43 648.67 174.32 687.45 208.08 1.46 1.53 3.41 2.57 1.54 33.03 1.51 2.03
Car 0.0 0 -1.78 691.44 179.80 799.33 259.02 1.47 1.61 3.70 2.67 1.63 15.39 -1.59 4.65
Car 0.0 0 -1.89 715.42 162.33 957.00 325.63 1.77 1.72 4.42 2.67 1.66 9.69 -1.59 10.05
Car 0.0 0 -1.78 673.41 175.11 746.33 234.95 1.51 1.60 3.41 2.67 1.60 20.45 -1.64 2.94
Car 0.0 0 -2.98 400.83 173.83 508.47 211.02 1.49 1.69 4.10 -6.42 1.53 29.97 3.09 1.17
Car 0.0 0 0.41 238.96 165.63 447.72 247.94 1.70 1.68 4.11 -5.82 1.57 15.84 0.06 2.42
Car 0.0 0 -2.78 147.42 168.99 402.70 262.36 1.69 1.68 4.02 -6.26 1.64 13.77 3.07 3.54
Car 0.0 0 -2.97 322.56 173.26 475.98 226.56 1.51 1.55 4.32 -6.11 1.52 21.04 3.03 0.72
Car 0.0 0 -2.72 58.00 182.87 337.36 280.26 1.49 1.55 3.79 -6.48 1.67 11.66 3.04 1.75
Car 0.0 0 0.30 280.87 171.00 459.72 236.24 1.60 1.57 3.97 -5.96 1.55 18.08 -0.02 0.66
Car 0.0 0 -3.02 432.82 168.24 527.17 204.78 1.65 1.71 4.02 -6.01 1.44 33.77 3.08 0.44
Car 0.0 0 -2.72 12.57 184.48 344.80 281.06 1.47 1.53 3.94 -7.00 1.70 11.93 3.03 1.34
Car 0.0 0 1.45 632.81 171.51 663.43 197.05 1.57 1.63 3.89 2.26 1.46 44.24 1.50 0.15
Car 0.0 0 -2.66 -5.50 186.50 310.75 316.88 1.46 1.53 4.27 -6.42 1.66 8.98 3.06 1.00
Car 0.0 0 -3.03 422.37 169.33 519.18 207.60 1.61 1.71 3.92 -6.06 1.47 31.50 3.06 0.19
