Car 0.0 0 -1.81 674.18 173.90 788.69 257.98 1.64 1.73 4.08 2.47 1.69 16.24 -1.64 5.89
Car 0.0 0 -2.78 155.69 180.65 417.71 266.73 1.51 1.58 4.26 -6.08 1.71 13.87 3.08 6.16
Car 0.0 0 -1.75 656.59 181.05 714.59 228.20 1.47 1.61 3.74 2.41 1.75 24.49 -1.65 1.54
Car 0.0 0 -2.70 14.87 179.96 341.76 287.21 1.54 1.62 3.95 -6.47 1.71 11.26 3.05 5.83
Car 0.0 0 -2.92 343.74 173.44 488.36 228.49 1.66 1.64 4.21 -6.03 1.69 22.51 3.10 1.12
Car 0.0 0 -2.90 249.39 176.83 430.03 246.17 1.53 1.58 3.92 -6.34 1.68 17.15 3.02 1.83
Car 0.0 0 -2.98 371.58 173.97 500.33 221.23 1.62 1.64 4.26 -6.18 1.67 25.78 3.06 0.56
Car 0.0 0 1.43 638.76 178.12 675.35 206.29 1.49 1.61 3.67 2.49 1.79 39.75 1.50 0.53
Car 0.0 0 -2.88 288.18 170.44 459.90 238.61 1.71 1.70 4.19 -6.12 1.67 18.84 3.08 1.33
Car 0.0 0 -3.02 442.70 173.53 523.50 206.08 1.59 1.69 3.69 -6.31 1.63 36.31 3.09 0.35
Car 0.0 0 1.42 652.60 180.43 703.51 220.94 1.47 1.64 3.77 2.56 1.77 28.55 1.52 0.29
Car 0.0 0 -3.00 472.67 173.67 542.89 201.14 1.62 1.68 3.91 -5.88 1.64 42.34 3.14 0.15
Car 0.0 0 -2.95 356.37 173.90 495.21 225.05 1.64 1.62 4.28 -6.10 1.69 24.27 3.09 0.29
Car 0.0 0 -3.04 433.40 176.42 514.48 208.24 1.50 1.68 3.86 -6.62 1.69 35.33 3.06 0.18
Car 0.0 0 -2.87 247.65 181.27 434.04 245.68 1.49 1.58 3.91 -6.37 1.69 17.13 3.06 0.39
