Car 0.0 0 -1.71 662.93 177.89 723.29 224.37 1.44 1.59 3.87 2.71 1.63 24.73 -1.60 3.98
Car 0.0 0 -1.91 722.42 165.99 898.57 308.26 1.75 1.62 3.78 2.72 1.70 10.71 -1.64 10.44
Car 0.0 0 -2.68 116.90 160.85 382.61 280.15 1.78 1.65 4.04 -6.04 1.63 12.17 3.14 4.60
Car 0.0 0 0.36 306.57 173.88 474.89 235.99 1.55 1.62 3.94 -5.65 1.60 18.89 0.07 3.76
Car 0.0 0 -2.95 379.27 175.13 502.06 217.97 1.49 1.58 4.31 -6.01 1.57 25.85 3.11 0.95
Car 0.0 0 -2.90 341.16 174.36 492.90 227.85 1.48 1.53 4.37 -5.72 1.56 21.63 3.13 1.63
Car 0.0 0 0.65 -16.00 178.85 335.83 316.66 1.55 1.66 4.19 -6.00 1.67 9.40 0.10 3.73
Car 0.0 0 -2.95 426.28 171.99 521.30 206.25 1.72 1.71 4.35 -6.58 1.64 35.34 -3.14 0.31
Car 0.0 0 -2.96 408.88 173.14 515.34 212.03 1.60 1.66 4.39 -6.26 1.61 30.68 3.12 0.24
Car 0.0 0 1.22 718.82 173.66 811.84 229.59 1.52 1.62 4.26 4.96 1.64 23.68 1.44 0.14
