Car 0.0 0 -1.70 651.25 177.98 710.73 227.26 1.48 1.65 3.72 2.26 1.68 24.21 -1.60 4.65
Car 0.0 0 0.45 250.50 182.06 452.02 247.92 1.43 1.66 4.26 -6.18 1.69 17.38 0.10 5.31
Car 0.0 0 0.44 398.80 177.37 518.03 216.02 1.42 1.64 4.25 -5.87 1.61 28.02 0.24 1.41
Car 0.0 0 -2.74 334.96 174.58 476.69 230.61 1.57 1.66 3.97 -6.27 1.64 21.96 -3.01 1.06
Car 0.0 0 -0.43 871.26 182.38 1231.00 306.01 1.46 1.66 4.14 5.79 1.65 10.07 0.12 7.57
Car 0.0 0 -2.71 378.32 176.88 493.89 222.40 1.45 1.62 4.12 -6.03 1.61 24.88 -2.94 0.60
Car 0.0 0 -3.09 471.57 175.57 545.74 201.74 1.40 1.68 4.09 -5.47 1.54 39.25 3.05 0.25
Car 0.0 0 -2.57 34.25 188.50 317.92 308.15 1.40 1.61 4.10 -6.60 1.70 9.94 -3.12 1.26
Car 0.0 0 -3.05 428.42 177.70 524.40 212.89 1.38 1.64 3.98 -5.58 1.61 30.38 3.05 0.47
Car 0.0 0 1.62 533.33 173.26 578.92 199.87 1.52 1.66 3.72 -3.27 1.56 43.82 1.55 0.18
