Car 0.0 0 -2.99 391.83 171.85 504.98 213.61 1.48 1.61 3.86 -5.67 1.42 25.12 3.07 2.34
Car 0.0 0 -1.84 696.21 179.80 841.13 276.74 1.44 1.65 3.93 2.57 1.58 12.94 -1.62 8.00
Car 0.0 0 0.47 191.02 164.35 439.67 255.57 1.64 1.70 4.31 -5.83 1.53 14.56 0.08 5.00
Car 0.0 0 1.13 800.86 175.95 932.38 241.82 1.47 1.56 4.21 6.30 1.58 18.58 1.47 0.68
Car 0.0 0 -2.81 264.74 172.10 461.35 242.47 1.51 1.53 4.14 -5.48 1.50 16.24 -3.14 1.26
Car 0.0 0 -3.03 429.63 169.21 527.58 207.75 1.52 1.64 4.00 -5.57 1.40 30.61 3.07 0.61
Car 0.0 0 1.28 678.51 171.52 722.65 198.76 1.49 1.56 3.28 5.06 1.42 41.04 1.40 0.19
Car 0.0 0 1.27 678.65 171.93 720.68 198.24 1.50 1.58 3.26 5.01 1.43 41.03 1.39 0.16
Car 0.0 0 -3.05 489.90 169.12 553.06 193.68 1.55 1.64 3.76 -5.56 1.29 45.94 3.12 0.16
Car 0.0 0 -2.82 257.71 170.21 460.37 242.62 1.54 1.59 4.16 -5.53 1.49 16.09 3.13 0.50
Car 0.0 0 1.36 720.97 172.56 790.27 222.00 1.49 1.59 3.73 4.84 1.54 25.07 1.56 0.10
