Car 0.0 0 -1.71 669.57 180.85 735.35 231.90 1.45 1.66 3.84 2.80 1.72 22.82 -1.59 4.65
Car 0.0 0 -2.84 271.72 178.52 459.33 245.22 1.50 1.63 3.97 -5.75 1.66 17.28 3.12 4.46
Car 0.0 0 -1.95 746.37 166.13 982.60 345.64 1.72 1.63 3.59 2.75 1.70 8.74 -1.61 11.67
Car 0.0 0 -2.94 372.67 178.59 496.97 222.50 1.48 1.64 4.06 -6.08 1.68 25.12 3.11 1.31
Car 0.0 0 1.20 724.98 174.61 799.16 219.43 1.60 1.60 3.87 5.83 1.71 28.36 1.41 1.82
Car 0.0 0 -2.69 58.43 166.89 351.71 295.43 1.75 1.64 4.11 -6.70 1.74 11.93 3.08 1.56
Car 0.0 0 -2.91 342.29 177.76 492.67 231.31 1.44 1.53 4.17 -5.95 1.68 22.55 3.11 0.48
Car 0.0 0 -2.69 121.32 175.83 374.79 263.65 1.58 1.63 3.82 -6.75 1.65 13.69 3.13 1.18
Car 0.0 0 0.73 8.70 187.32 276.03 359.33 1.49 1.64 4.11 -5.33 1.58 6.78 0.16 1.39
Car 0.0 0 0.33 315.92 177.80 483.22 236.57 1.50 1.54 4.17 -5.85 1.69 20.26 0.04 0.40
