Car 0.0 0 -1.71 680.09 181.30 740.79 227.76 1.51 1.63 3.74 3.34 1.79 24.86 -1.57 4.07
Car 0.0 0 1.96 235.82 195.87 401.06 283.02 1.45 1.66 4.19 -5.68 1.93 14.53 1.57 9.24
Car 0.0 0 1.80 447.86 185.84 508.79 222.90 1.43 1.66 4.07 -5.51 2.00 30.43 1.62 2.79
Car 0.0 0 -1.81 716.25 179.00 843.97 266.51 1.60 1.68 3.94 3.34 1.74 15.20 -1.57 7.80
Car 0.0 0 -1.94 767.29 182.94 1018.99 331.42 1.51 1.61 3.81 3.29 1.64 9.25 -1.57 14.36
Car 0.0 0 1.87 359.28 190.50 456.76 247.84 1.44 1.63 3.79 -5.59 1.94 20.29 1.60 5.93
Car 0.0 0 -1.70 667.71 181.54 720.39 219.81 1.55 1.69 3.91 3.48 1.92 30.86 -1.58 2.20
Car 0.0 0 -1.68 649.87 180.78 684.27 208.32 1.54 1.67 3.69 3.22 2.00 41.64 -1.60 0.51
Car 0.0 0 1.78 503.58 181.03 542.15 206.14 1.51 1.63 3.78 -5.67 2.07 47.06 1.66 0.54
Car 0.0 0 2.47 1016.38 149.69 1217.67 257.77 1.76 1.68 4.38 9.70 1.36 12.21 3.08 1.72
