Car 0.0 0 -1.70 633.50 178.53 677.42 212.79 1.50 1.66 4.16 2.04 1.77 33.78 -1.63 2.52
Car 0.0 0 -0.32 742.00 178.39 909.48 242.20 1.51 1.61 4.13 5.41 1.68 18.50 -0.03 2.92
Car 0.0 0 -0.48 868.99 185.22 1192.82 299.65 1.49 1.61 3.88 6.02 1.71 10.72 0.05 6.40
Car 0.0 0 -2.96 345.56 179.17 489.52 225.34 1.40 1.61 4.26 -6.02 1.58 22.69 3.07 0.81
Car 0.0 0 -2.73 115.37 165.94 381.05 267.14 1.78 1.76 4.17 -6.74 1.68 13.73 3.09 3.76
Car 0.0 0 2.68 791.32 179.33 1013.33 260.85 1.56 1.65 4.13 5.90 1.72 15.03 3.07 2.05
Car 0.0 0 -2.75 205.91 169.87 429.27 249.66 1.65 1.65 4.36 -6.40 1.61 15.94 -3.13 1.23
Car 0.0 0 -2.61 -28.31 187.43 298.28 307.33 1.47 1.56 4.03 -6.68 1.64 9.68 3.09 0.91
Car 0.0 0 -2.62 -9.19 184.22 298.54 302.65 1.47 1.59 4.12 -7.02 1.64 9.96 3.10 0.88
Car 0.0 0 -0.59 959.73 189.14 1241.53 349.71 1.48 1.60 3.58 5.68 1.66 7.31 0.01 1.70
Car 0.0 0 0.45 385.37 177.53 500.25 214.76 1.40 1.60 4.26 -6.43 1.56 27.84 0.22 0.15
