Car 0.0 0 -2.86 382.52 163.27 509.92 215.29 1.77 1.71 4.06 -5.71 1.44 25.17 -3.08 2.97
Car 0.0 0 1.38 668.38 177.11 737.31 226.32 1.39 1.60 3.61 2.77 1.54 22.62 1.50 5.74
Car 0.0 0 1.25 731.50 180.75 925.80 311.25 1.49 1.61 3.50 2.83 1.62 10.26 1.54 11.67
Car 0.0 0 -2.67 118.70 168.80 404.91 264.83 1.54 1.60 4.31 -6.13 1.50 12.85 -3.12 5.60
Car 0.0 0 0.37 317.32 171.46 467.11 227.25 1.49 1.60 3.96 -6.18 1.48 20.57 0.08 3.08
Car 0.0 0 1.42 647.25 170.03 692.53 207.65 1.57 1.62 3.81 2.54 1.46 31.87 1.50 1.88
Car 0.0 0 -3.02 473.15 171.74 546.13 199.43 1.50 1.63 3.77 -5.44 1.43 39.60 3.12 0.44
Car 0.0 0 -3.06 485.03 169.80 555.50 197.60 1.55 1.69 3.94 -5.15 1.38 41.78 3.10 0.33
Car 0.0 0 -2.66 -30.44 152.03 345.56 290.98 1.83 1.71 4.05 -5.49 1.50 8.98 3.06 2.00
Car 0.0 0 -2.97 414.22 171.04 519.76 209.94 1.49 1.60 4.02 -5.70 1.43 29.26 3.12 0.33
