Car 0.0 0 1.38 663.06 189.37 717.16 233.54 1.46 1.55 3.53 2.73 2.05 25.80 1.49 4.34
Car 0.0 0 -2.97 398.82 177.79 516.24 224.61 1.73 1.70 4.13 -5.87 1.93 27.80 3.10 1.99
Car 0.0 0 0.34 348.53 184.73 487.38 233.89 1.48 1.64 4.18 -6.08 1.87 22.87 0.08 2.75
Car 0.0 0 -2.01 764.16 201.09 1049.05 375.13 1.46 1.55 3.51 2.86 1.82 7.99 -1.62 11.99
Car 0.0 0 1.32 709.22 192.25 842.68 285.86 1.50 1.57 3.44 2.90 1.89 13.55 1.55 8.31
Car 0.0 0 1.43 644.52 183.66 683.58 217.64 1.61 1.61 3.80 2.56 2.14 35.74 1.51 1.49
Car 0.0 0 -2.85 211.61 183.63 437.93 258.93 1.53 1.55 4.40 -5.94 1.76 15.22 3.05 2.72
Car 0.0 0 -3.02 488.46 185.40 551.76 211.11 1.53 1.63 3.57 -5.36 2.26 43.31 3.14 0.27
Car 0.0 0 -3.00 448.72 186.71 530.08 218.68 1.48 1.62 3.74 -5.58 2.12 33.88 3.11 0.19
Car 0.0 0 0.45 110.66 171.34 409.07 274.82 1.73 1.67 4.21 -5.75 1.69 12.12 0.00 1.15
Car 0.0 0 0.60 -26.31 170.90 323.20 326.33 1.77 1.68 3.95 -5.87 1.77 9.16 0.03 1.68
