Car 0.0 0 -1.82 714.07 186.62 856.57 282.14 1.39 1.59 3.66 2.82 1.64 12.66 -1.58 7.17
Car 0.0 0 -0.07 772.00 173.68 971.28 243.74 1.64 1.72 4.65 6.56 1.68 18.44 0.28 3.41
Car 0.0 0 -2.83 287.95 180.09 454.96 238.02 1.46 1.59 4.10 -6.29 1.68 19.25 3.13 1.28
Car 0.0 0 0.30 359.31 174.39 489.16 223.48 1.67 1.69 4.12 -6.52 1.74 25.41 0.05 1.31
Car 0.0 0 -2.65 18.25 177.01 383.52 305.19 1.50 1.57 4.37 -5.66 1.64 10.03 3.12 6.27
Car 0.0 0 -1.67 635.51 175.98 666.57 201.40 1.48 1.68 4.20 2.47 1.69 44.29 -1.61 0.94
Car 0.0 0 0.50 202.51 177.90 438.79 259.97 1.51 1.59 4.02 -5.53 1.63 14.03 0.12 3.32
Car 0.0 0 -2.89 326.09 177.93 467.83 230.96 1.53 1.64 4.05 -6.50 1.72 22.05 3.11 0.88
Car 0.0 0 0.65 2.67 186.84 290.24 344.02 1.48 1.63 3.85 -6.07 1.70 7.99 0.08 4.67
Car 0.0 0 -2.99 427.60 178.75 529.63 213.26 1.42 1.69 3.98 -5.45 1.65 30.32 3.11 0.88
Car 0.0 0 1.34 771.34 177.98 834.89 210.87 1.45 1.67 4.10 7.87 1.58 29.83 1.60 0.10
Car 0.0 0 -2.82 275.79 178.72 453.46 244.21 1.45 1.53 4.14 -6.13 1.66 18.09 3.14 0.43
Car 0.0 0 1.33 699.70 175.89 771.08 207.51 1.43 1.66 4.19 6.16 1.62 35.91 1.50 0.08
Car 0.0 0 1.35 738.95 178.63 827.64 219.98 1.43 1.67 4.20 6.35 1.64 26.70 1.58 0.07
Car 0.0 0 -2.86 303.32 179.58 463.61 235.11 1.47 1.60 4.03 -6.42 1.70 20.59 3.12 0.29
