Car 0.0 0 -1.68 637.89 178.53 685.05 218.23 1.48 1.61 3.70 2.00 1.72 29.11 -1.61 3.43
Car 0.0 0 0.41 349.93 176.34 488.66 228.90 1.54 1.67 4.00 -5.96 1.66 22.48 0.16 4.03
Car 0.0 0 -0.34 767.43 181.61 980.28 255.90 1.46 1.67 4.11 5.50 1.68 15.63 0.01 6.60
Car 0.0 0 -2.24 379.91 176.46 504.32 220.39 1.47 1.65 4.26 -6.22 1.65 26.70 -2.46 0.79
Car 0.0 0 -2.78 208.88 184.23 408.00 249.68 1.42 1.59 4.11 -6.77 1.69 16.30 3.10 2.20
Car 0.0 0 -2.64 -42.45 174.89 326.21 310.61 1.61 1.63 4.26 -6.09 1.63 9.27 3.07 2.53
Car 0.0 0 -2.66 73.99 182.63 373.36 271.40 1.49 1.61 4.11 -6.68 1.66 12.76 3.13 1.74
Car 0.0 0 -2.62 440.14 177.58 528.86 207.94 1.39 1.66 4.14 -5.92 1.61 33.94 -2.79 0.60
Car 0.0 0 -2.58 450.36 177.20 529.42 206.48 1.40 1.66 4.06 -5.77 1.59 34.78 -2.75 0.24
Car 0.0 0 -2.84 373.03 176.61 502.15 222.93 1.53 1.63 4.20 -6.20 1.69 25.85 -3.07 0.35
Car 0.0 0 -2.64 -1.62 180.48 342.21 297.99 1.53 1.54 4.16 -6.21 1.61 10.01 3.09 0.64
Car 0.0 0 -2.21 519.06 173.60 567.60 198.96 1.48 1.63 3.73 -4.22 1.56 45.74 -2.30 0.15
