Car 0.0 0 -1.77 673.36 176.45 756.66 236.87 1.50 1.64 3.71 2.70 1.59 19.54 -1.62 4.04
Car 0.0 0 -1.71 651.03 177.05 710.53 219.67 1.41 1.61 3.87 2.44 1.58 26.27 -1.61 2.62
Car 0.0 0 -1.95 785.74 188.93 1036.41 343.72 1.46 1.58 3.48 3.38 1.70 9.01 -1.55 12.60
Car 0.0 0 -1.80 699.62 170.59 829.72 268.88 1.66 1.60 3.56 2.79 1.63 14.08 -1.59 7.07
Car 0.0 0 1.86 296.52 191.84 458.63 306.83 1.39 1.60 3.78 -3.50 1.75 11.36 1.55 8.16
Car 0.0 0 1.74 452.85 167.90 528.60 233.49 1.61 1.69 4.17 -3.29 1.50 20.42 1.57 2.35
Car 0.0 0 1.68 523.08 174.42 557.93 200.79 1.44 1.63 4.25 -4.06 1.55 42.21 1.59 0.74
Car 0.0 0 -1.72 633.69 175.03 669.42 201.86 1.49 1.61 3.76 2.24 1.60 40.75 -1.66 0.23
Car 0.0 0 -1.71 629.63 174.47 661.99 200.73 1.50 1.62 3.75 2.01 1.58 42.54 -1.66 0.15
Car 0.0 0 -1.77 674.25 175.47 757.89 238.86 1.51 1.63 3.67 2.74 1.61 19.58 -1.63 0.50
