Car 0.0 0 -1.75 654.85 183.46 722.25 235.00 1.48 1.61 3.79 2.36 1.84 23.09 -1.64 4.11
Car 0.0 0 0.43 378.89 179.32 501.50 225.37 1.55 1.69 3.88 -5.95 1.79 25.44 0.19 2.54
Car 0.0 0 -1.88 704.37 189.22 855.07 284.46 1.44 1.57 3.49 2.83 1.75 12.99 -1.65 10.60
Car 0.0 0 -2.78 214.18 186.59 412.71 258.96 1.52 1.63 3.97 -6.74 1.87 16.57 3.11 3.34
Car 0.0 0 -2.72 89.01 190.01 374.53 281.52 1.45 1.62 4.20 -6.64 1.80 12.84 3.08 2.70
Car 0.0 0 -2.84 278.84 184.47 444.89 239.95 1.49 1.66 4.20 -6.87 1.84 20.26 3.11 1.35
Car 0.0 0 -2.84 280.49 183.33 439.01 241.33 1.51 1.65 4.15 -6.97 1.84 20.31 3.11 1.36
Car 0.0 0 1.45 649.96 182.14 695.06 220.50 1.45 1.64 3.75 2.45 1.85 29.81 1.53 0.44
Car 0.0 0 -2.58 -19.19 187.14 284.18 335.28 1.50 1.66 4.33 -6.49 1.75 8.70 3.12 3.96
Car 0.0 0 -3.01 473.74 178.12 537.97 207.92 1.50 1.64 4.00 -5.69 1.85 39.86 3.13 0.27
Car 0.0 0 0.36 366.59 183.11 491.62 226.17 1.46 1.67 4.04 -6.31 1.82 25.41 0.11 0.55
