Car 0.0 0 -1.69 633.87 181.94 675.44 215.12 1.49 1.64 4.07 2.06 1.93 34.48 -1.63 2.14
Car 0.0 0 -0.46 830.87 188.22 1092.11 282.67 1.49 1.62 3.83 5.96 1.78 12.60 -0.00 6.65
Car 0.0 0 -0.42 735.07 182.49 873.31 240.90 1.53 1.62 3.77 5.30 1.80 20.01 -0.15 2.42
Car 0.0 0 -2.77 176.05 172.85 407.65 261.89 1.78 1.75 4.26 -6.80 1.82 15.70 3.09 3.46
Car 0.0 0 2.70 762.47 184.91 957.87 251.70 1.47 1.60 4.34 5.80 1.77 17.21 3.04 3.03
Car 0.0 0 -2.95 364.78 184.95 498.99 228.31 1.37 1.62 4.02 -5.73 1.74 23.21 3.09 1.03
Car 0.0 0 -2.69 11.41 187.42 342.39 289.19 1.48 1.55 4.10 -7.01 1.76 11.90 3.06 3.26
Car 0.0 0 -0.58 943.96 176.21 1249.27 370.10 1.64 1.66 4.23 5.82 1.70 6.96 0.01 2.27
Car 0.0 0 -0.55 919.23 185.80 1264.78 315.70 1.54 1.62 3.76 5.91 1.69 9.11 0.04 1.57
Car 0.0 0 -2.65 1.86 190.29 287.08 323.98 1.48 1.60 4.19 -6.80 1.79 9.17 3.06 1.91
Car 0.0 0 -2.96 361.94 184.99 496.47 234.00 1.38 1.62 3.87 -5.46 1.76 21.98 3.08 0.31
