Car 0.0 0 -2.73 359.11 182.14 473.23 234.91 1.45 1.58 3.55 -5.87 1.76 21.92 -2.99 2.93
Car 0.0 0 -1.76 673.67 182.72 764.34 245.34 1.45 1.63 3.85 2.57 1.68 18.23 -1.61 4.15
Car 0.0 0 1.39 652.22 172.91 713.56 220.69 1.65 1.63 3.83 2.55 1.65 26.73 1.49 2.27
Car 0.0 0 -1.78 706.13 173.92 854.99 287.67 1.63 1.67 3.62 2.59 1.65 11.99 -1.55 7.47
Car 0.0 0 -3.02 449.93 176.47 537.51 208.47 1.44 1.66 4.09 -5.58 1.65 34.89 3.10 0.89
Car 0.0 0 -2.67 110.59 186.92 390.42 282.03 1.47 1.55 4.29 -6.28 1.75 12.60 -3.13 4.68
Car 0.0 0 0.59 5.65 192.92 336.78 314.64 1.43 1.57 4.27 -5.99 1.76 9.62 0.05 5.28
Car 0.0 0 -2.91 381.33 176.41 506.32 223.14 1.52 1.64 4.14 -5.93 1.71 26.08 -3.14 0.61
Car 0.0 0 -2.65 200.65 188.84 403.98 260.89 1.44 1.53 3.97 -6.68 1.80 15.67 -3.05 1.71
Car 0.0 0 1.47 640.10 175.70 675.92 203.45 1.49 1.66 3.87 2.62 1.66 40.87 1.54 0.54
Car 0.0 0 -2.68 91.90 186.70 386.83 280.30 1.48 1.54 4.26 -6.43 1.76 12.73 3.13 1.84
Car 0.0 0 0.15 427.64 176.79 525.42 212.00 1.47 1.64 4.14 -5.89 1.68 32.25 -0.04 0.27
Car 0.0 0 0.40 360.00 181.02 490.91 233.67 1.46 1.60 3.76 -5.66 1.74 22.33 0.15 0.21
Car 0.0 0 -3.04 470.94 176.61 542.40 204.51 1.49 1.68 4.19 -5.53 1.69 39.38 3.10 0.09
