Car 0.0 0 -1.72 677.79 171.06 738.60 220.64 1.59 1.64 3.98 3.32 1.55 25.32 -1.58 4.15
Car 0.0 0 -1.94 732.88 182.76 952.86 318.91 1.43 1.61 3.95 2.83 1.59 9.84 -1.62 14.24
Car 0.0 0 -2.70 360.59 179.05 500.37 230.46 1.42 1.62 3.85 -5.15 1.60 20.76 -2.95 3.69
Car 0.0 0 0.57 50.46 179.56 369.34 283.78 1.47 1.61 4.35 -6.16 1.63 11.30 0.07 3.63
Car 0.0 0 -3.04 454.09 175.96 537.73 207.77 1.46 1.54 3.51 -5.17 1.56 32.61 3.08 1.36
Car 0.0 0 -3.05 470.39 175.65 544.18 204.98 1.49 1.56 3.48 -5.11 1.60 36.13 3.09 0.64
Car 0.0 0 -2.61 226.59 180.29 411.67 247.61 1.46 1.57 3.85 -7.11 1.69 17.84 -2.99 1.34
Car 0.0 0 -1.66 672.94 173.07 721.09 212.05 1.53 1.65 3.84 3.64 1.58 31.18 -1.54 0.53
Car 0.0 0 -3.04 477.24 174.34 554.31 203.63 1.52 1.62 3.73 -4.88 1.58 38.11 3.11 0.24
Car 0.0 0 -2.59 277.08 179.84 460.34 246.57 1.46 1.57 3.86 -5.96 1.69 18.01 -2.91 0.91
