Car 0.0 0 -3.01 410.50 175.17 514.59 213.58 1.51 1.66 3.84 -5.95 1.60 29.18 3.07 2.07
Car 0.0 0 -1.66 636.29 179.43 673.61 209.63 1.44 1.60 3.80 2.21 1.77 36.38 -1.60 2.32
Car 0.0 0 -2.86 243.74 171.97 446.34 247.53 1.63 1.64 4.17 -6.02 1.63 16.59 3.07 2.62
Car 0.0 0 -0.38 723.14 181.68 850.77 231.16 1.44 1.63 3.89 5.51 1.74 22.88 -0.14 4.17
Car 0.0 0 -0.49 888.26 190.06 1182.54 291.92 1.46 1.58 3.70 6.68 1.79 11.72 0.04 8.05
Car 0.0 0 -0.48 842.08 184.27 1074.83 273.24 1.55 1.58 3.48 6.51 1.79 13.95 -0.03 5.22
Car 0.0 0 0.51 143.43 173.60 420.05 275.34 1.63 1.71 4.17 -5.71 1.70 12.89 0.08 5.78
Car 0.0 0 -3.03 353.03 178.04 476.18 220.99 1.43 1.62 4.07 -6.78 1.61 25.15 2.98 0.68
Car 0.0 0 -3.03 426.97 175.54 523.77 212.15 1.52 1.72 4.14 -5.88 1.65 31.63 3.07 0.66
Car 0.0 0 -3.08 452.68 176.17 536.63 205.77 1.52 1.72 4.33 -5.88 1.66 36.95 3.05 0.31
Car 0.0 0 -2.83 282.72 175.82 456.96 238.76 1.57 1.64 4.07 -6.16 1.65 18.62 3.13 0.61
Car 0.0 0 -2.83 254.15 175.29 450.23 247.47 1.59 1.64 4.08 -5.97 1.65 16.51 3.11 0.56
Car 0.0 0 -3.12 494.12 176.02 551.59 200.24 1.51 1.68 4.03 -5.42 1.69 45.43 3.04 0.12
