Car 0.0 0 1.41 652.17 174.52 704.69 216.14 1.69 1.66 4.01 2.78 1.75 30.68 1.51 2.81
Car 0.0 0 -2.65 39.30 160.00 315.36 295.68 1.82 1.70 4.17 -7.05 1.69 11.64 3.10 3.17
Car 0.0 0 -2.94 371.20 179.52 498.12 228.41 1.44 1.64 3.87 -5.38 1.65 22.36 3.11 1.06
Car 0.0 0 -2.61 229.91 180.21 415.85 253.33 1.50 1.59 3.84 -6.54 1.71 16.54 -2.99 1.91
Car 0.0 0 -2.97 402.64 176.96 515.68 219.45 1.49 1.62 4.03 -5.61 1.67 26.97 3.11 0.29
Car 0.0 0 -2.98 414.87 174.21 519.44 215.84 1.60 1.65 4.03 -5.60 1.66 28.68 3.11 0.72
Car 0.0 0 -3.00 440.07 175.00 531.69 209.00 1.59 1.64 4.13 -5.83 1.67 34.02 3.12 0.25
Car 0.0 0 1.30 714.97 191.39 868.81 283.10 1.38 1.59 4.15 3.14 1.76 13.62 1.55 3.35
Car 0.0 0 1.30 718.33 191.49 866.15 283.62 1.38 1.58 4.14 3.15 1.77 13.58 1.55 2.43
Car 0.0 0 -3.03 474.98 174.64 542.12 204.88 1.58 1.67 4.02 -5.34 1.67 38.83 3.12 0.17
Car 0.0 0 -2.95 395.24 177.61 504.48 222.27 1.46 1.60 3.97 -5.58 1.66 25.61 3.12 0.17
Car 0.0 0 -2.64 -28.05 176.28 274.47 322.97 1.58 1.66 4.06 -6.45 1.66 8.97 3.05 0.55
Car 0.0 0 0.44 306.50 179.29 465.50 236.16 1.46 1.60 4.02 -6.29 1.68 20.41 0.14 0.19
