Car 0.0 0 -1.76 693.07 186.64 790.63 255.43 1.39 1.63 3.70 2.88 1.72 16.81 -1.58 6.61
Car 0.0 0 -0.38 740.83 175.97 896.86 233.39 1.67 1.71 4.54 6.38 1.79 22.60 -0.10 3.28
Car 0.0 0 0.55 104.49 184.04 394.54 285.33 1.49 1.58 4.11 -5.84 1.72 12.00 0.09 7.46
Car 0.0 0 -2.91 354.27 179.58 487.82 227.22 1.48 1.62 4.25 -6.23 1.74 23.94 3.12 0.93
Car 0.0 0 -2.76 201.37 175.59 442.57 264.58 1.57 1.59 4.11 -5.51 1.66 14.08 3.14 4.99
Car 0.0 0 -2.91 368.35 177.22 493.75 223.61 1.55 1.66 4.19 -6.37 1.76 25.97 3.13 0.88
Car 0.0 0 -2.83 294.23 180.13 472.07 240.54 1.50 1.60 4.21 -5.85 1.71 18.89 -3.14 1.45
Car 0.0 0 1.44 695.65 175.88 741.78 207.14 1.53 1.71 4.34 5.61 1.70 37.92 1.59 0.21
Car 0.0 0 -2.95 430.59 177.80 530.46 213.09 1.58 1.72 4.18 -5.83 1.79 32.99 -3.12 0.33
Car 0.0 0 -1.63 634.03 175.71 664.16 200.43 1.49 1.68 3.98 2.45 1.69 46.07 -1.57 0.33
Car 0.0 0 -2.55 -0.21 171.75 245.79 319.98 1.66 1.68 3.78 -6.69 1.63 8.57 3.13 0.87
Car 0.0 0 -2.90 402.14 176.06 510.89 217.79 1.68 1.70 4.15 -6.31 1.82 29.95 -3.11 0.19
Car 0.0 0 -2.90 357.89 179.90 488.49 226.57 1.50 1.62 4.13 -6.33 1.78 24.87 3.13 0.21
Car 0.0 0 -2.95 456.75 178.81 542.31 210.70 1.49 1.73 4.03 -5.24 1.78 34.90 -3.10 0.18
