Car 0.0 0 -1.89 741.52 186.95 940.62 325.88 1.44 1.65 3.83 2.76 1.64 9.56 -1.58 8.91
Car 0.0 0 0.83 814.49 172.20 1032.43 262.30 1.62 1.69 4.41 6.16 1.65 14.89 1.24 3.06
Car 0.0 0 -2.86 327.48 173.55 478.75 230.44 1.70 1.72 4.24 -6.48 1.76 22.80 -3.14 2.21
Car 0.0 0 -1.69 635.61 178.75 668.44 205.67 1.46 1.65 3.95 2.32 1.81 40.96 -1.64 1.49
Car 0.0 0 -2.80 226.24 182.82 433.18 251.12 1.44 1.59 4.25 -6.19 1.70 16.22 3.11 2.49
Car 0.0 0 -2.69 86.52 180.82 402.54 285.37 1.49 1.59 4.42 -5.81 1.65 11.56 3.13 3.98
Car 0.0 0 -0.31 706.53 178.46 816.99 223.26 1.44 1.63 4.03 5.22 1.68 25.31 -0.10 0.98
Car 0.0 0 1.29 778.66 180.10 905.83 247.60 1.49 1.64 4.16 5.64 1.69 18.07 1.60 0.34
Car 0.0 0 0.58 12.25 181.52 336.05 304.38 1.49 1.51 4.04 -5.89 1.62 9.67 0.04 1.68
Car 0.0 0 2.14 748.59 182.87 864.75 236.55 1.43 1.62 3.95 5.24 1.66 19.61 2.41 0.32
Car 0.0 0 -2.96 409.47 180.07 523.32 219.05 1.42 1.70 4.25 -5.35 1.68 27.30 3.13 0.70
Car 0.0 0 -2.98 364.23 178.69 494.72 224.96 1.53 1.67 4.30 -6.27 1.74 24.96 3.06 0.53
Car 0.0 0 -2.64 -12.22 185.56 281.18 367.69 1.52 1.62 3.82 -5.35 1.64 6.85 3.06 1.74
Car 0.0 0 2.16 732.91 182.34 865.08 233.13 1.43 1.61 3.93 5.32 1.68 20.65 2.42 0.15
Car 0.0 0 -2.82 209.67 183.47 429.88 252.07 1.44 1.57 4.13 -6.21 1.69 15.75 3.08 0.62
Car 0.0 0 -2.99 435.35 180.20 527.86 211.76 1.38 1.58 4.23 -5.56 1.68 31.72 3.12 0.10
Car 0.0 0 -0.14 707.09 177.38 796.75 211.81 1.44 1.57 4.23 6.03 1.62 31.26 0.06 0.12
