Car 0.0 0 -1.70 667.44 170.72 724.36 216.64 1.59 1.64 4.04 3.10 1.52 27.06 -1.58 3.92
Car 0.0 0 -1.85 711.56 180.04 884.12 289.72 1.42 1.60 4.06 2.81 1.57 11.81 -1.60 12.46
Car 0.0 0 -2.72 378.12 178.09 501.78 226.03 1.43 1.60 3.86 -5.29 1.59 22.58 -2.95 3.23
Car 0.0 0 0.50 112.94 180.91 380.77 272.05 1.46 1.59 3.95 -6.08 1.63 12.47 0.04 3.38
Car 0.0 0 -3.06 460.26 175.61 538.69 205.33 1.45 1.53 3.60 -5.31 1.56 35.03 3.07 1.26
Car 0.0 0 -2.59 312.19 180.57 472.76 239.50 1.49 1.57 3.90 -5.80 1.70 19.29 -2.89 1.65
Car 0.0 0 -3.05 455.30 176.14 536.56 206.41 1.45 1.54 3.66 -5.40 1.57 34.08 3.07 0.71
Car 0.0 0 -2.61 4.31 187.42 335.18 328.14 1.46 1.60 4.14 -5.71 1.69 8.41 3.13 1.56
Car 0.0 0 -3.06 479.71 173.87 552.84 202.62 1.48 1.61 3.88 -4.90 1.53 38.52 3.10 0.26
Car 0.0 0 0.52 95.21 182.38 372.85 278.81 1.47 1.54 3.83 -6.00 1.65 11.84 0.04 0.66
