Car 0.0 0 -1.96 729.06 190.24 971.28 334.43 1.40 1.64 3.90 2.68 1.63 9.20 -1.64 11.60
Car 0.0 0 1.22 735.70 176.95 828.14 222.84 1.48 1.66 4.23 6.07 1.67 26.18 1.45 0.92
Car 0.0 0 -2.92 372.11 174.00 498.37 222.27 1.50 1.61 4.00 -5.65 1.53 23.21 3.13 2.28
Car 0.0 0 1.08 848.70 181.95 1031.04 268.39 1.47 1.59 4.23 6.15 1.65 14.03 1.51 1.67
Car 0.0 0 0.57 36.64 170.65 373.17 287.96 1.59 1.66 4.10 -5.85 1.57 10.76 0.06 5.94
Car 0.0 0 -2.96 397.95 171.60 518.21 215.92 1.53 1.65 3.98 -5.71 1.51 26.99 3.12 1.16
Car 0.0 0 0.40 334.84 174.12 468.88 226.59 1.53 1.56 3.62 -6.13 1.55 21.31 0.12 2.26
Car 0.0 0 -0.08 687.21 175.03 758.82 205.63 1.51 1.61 3.60 5.89 1.65 38.13 0.08 0.78
Car 0.0 0 -2.69 156.36 173.76 427.14 264.94 1.55 1.54 4.18 -5.26 1.49 12.09 -3.11 1.21
Car 0.0 0 1.21 798.78 177.19 920.10 230.04 1.45 1.58 4.11 8.49 1.71 25.10 1.55 0.12
Car 0.0 0 -3.05 462.96 171.45 536.28 198.94 1.56 1.64 3.87 -6.06 1.43 39.61 3.09 0.15
Car 0.0 0 -3.06 480.81 171.64 549.95 198.28 1.53 1.64 3.83 -5.54 1.46 42.79 3.09 0.21
Car 0.0 0 1.24 771.61 182.01 880.20 232.98 1.45 1.61 4.10 6.08 1.66 21.02 1.53 0.09
Car 0.0 0 -0.11 725.53 175.90 832.45 220.09 1.49 1.64 4.18 6.44 1.68 28.08 0.12 0.13
