Car 0.0 0 1.80 266.66 201.64 398.01 297.83 1.42 1.56 3.77 -5.11 2.03 13.64 1.43 9.21
Car 0.0 0 -1.71 568.10 186.30 620.02 226.43 1.47 1.62 3.75 -0.76 2.00 28.40 -1.73 2.62
Car 0.0 0 -1.73 583.87 184.34 654.95 238.84 1.60 1.64 3.66 0.16 1.96 22.65 -1.72 2.98
Car 0.0 0 -1.79 607.20 181.14 716.25 263.15 1.65 1.66 3.73 0.98 1.86 16.52 -1.72 5.61
Car 0.0 0 -1.86 672.14 193.95 835.80 305.10 1.46 1.57 3.52 2.10 1.85 11.82 -1.66 9.15
Car 0.0 0 -2.06 737.86 201.58 1124.36 378.24 1.45 1.61 3.80 2.56 1.76 7.00 -1.64 6.96
Car 0.0 0 1.69 446.40 186.19 481.23 212.08 1.49 1.64 4.17 -9.10 2.34 44.89 1.49 0.84
Car 0.0 0 1.72 380.76 180.13 454.20 241.60 1.67 1.64 4.00 -5.87 1.93 22.21 1.46 2.48
Car 0.0 0 2.05 -32.35 217.95 327.67 383.03 1.42 1.65 3.88 -3.84 1.84 6.46 1.48 4.08
Car 0.0 0 -1.70 552.00 185.56 587.65 211.80 1.49 1.62 3.65 -2.45 2.23 42.06 -1.75 0.33
Car 0.0 0 -1.70 551.77 185.50 585.81 212.16 1.49 1.63 3.70 -2.55 2.24 42.62 -1.76 0.17
