Car 0.0 0 -1.74 658.97 176.92 727.94 235.29 1.61 1.61 3.59 2.38 1.74 21.71 -1.62 5.15
Car 0.0 0 -1.86 707.90 188.38 870.60 296.53 1.42 1.53 3.61 2.69 1.72 11.81 -1.61 12.57
Car 0.0 0 -2.92 338.93 183.18 476.06 231.22 1.44 1.53 4.19 -6.42 1.79 23.01 3.09 1.00
Car 0.0 0 -2.76 187.27 167.28 417.23 263.50 1.80 1.69 3.94 -6.03 1.70 14.39 3.12 4.20
Car 0.0 0 0.72 -6.15 185.37 321.12 310.94 1.47 1.62 4.15 -6.30 1.68 9.60 0.16 7.22
Car 0.0 0 -3.02 409.68 183.81 495.66 216.93 1.43 1.52 3.42 -6.75 1.88 31.17 3.05 0.76
Car 0.0 0 0.38 298.97 181.33 467.88 240.67 1.52 1.60 4.28 -6.01 1.76 19.43 0.08 1.19
Car 0.0 0 -1.71 649.07 177.67 701.26 221.32 1.56 1.63 3.77 2.44 1.79 28.48 -1.62 1.05
Car 0.0 0 -2.96 440.73 177.58 528.81 213.21 1.63 1.68 3.78 -5.88 1.86 34.23 -3.13 0.47
Car 0.0 0 -2.99 478.22 176.29 548.83 204.55 1.61 1.72 4.05 -5.66 1.82 42.80 -3.13 0.28
Car 0.0 0 0.39 278.59 176.53 459.05 243.81 1.58 1.64 4.10 -5.98 1.71 18.15 0.07 0.58
Car 0.0 0 -2.96 434.17 179.38 523.10 215.20 1.57 1.63 3.72 -5.95 1.88 32.98 -3.13 0.23
Car 0.0 0 -2.93 363.80 184.54 477.22 227.22 1.45 1.57 3.85 -6.49 1.85 24.99 3.10 0.28
Car 0.0 0 1.45 636.76 179.21 673.73 209.80 1.51 1.64 3.82 2.24 1.85 37.27 1.51 0.15
