Car 0.0 0 -2.96 361.83 175.80 477.73 217.83 1.50 1.67 3.97 -6.88 1.61 26.30 3.07 2.04
Car 0.0 0 -1.73 633.38 175.34 679.74 209.96 1.49 1.64 3.76 2.00 1.59 32.50 -1.67 2.22
Car 0.0 0 -2.17 778.33 176.84 927.28 234.24 1.43 1.65 4.14 6.61 1.56 20.22 -1.85 4.41
Car 0.0 0 -2.96 378.23 176.70 485.50 213.94 1.46 1.57 4.13 -7.27 1.63 29.56 3.08 0.88
Car 0.0 0 -2.78 152.56 159.98 413.49 259.91 1.85 1.74 4.47 -6.57 1.64 14.75 3.08 3.13
Car 0.0 0 -2.59 -13.29 180.56 267.72 302.59 1.51 1.63 3.74 -6.97 1.60 9.86 3.10 4.30
Car 0.0 0 1.41 614.03 173.80 650.39 200.10 1.49 1.66 4.12 1.21 1.56 42.94 1.44 0.44
Car 0.0 0 -2.69 48.05 181.17 350.29 274.54 1.49 1.56 4.08 -7.20 1.69 12.94 3.08 1.58
Car 0.0 0 -2.86 233.94 182.36 415.14 240.69 1.48 1.54 4.21 -7.08 1.69 18.02 3.05 0.43
Car 0.0 0 -2.67 52.65 179.38 343.85 275.29 1.51 1.59 4.10 -7.18 1.70 12.99 3.10 1.36
Car 0.0 0 -2.94 378.08 177.58 484.25 215.40 1.47 1.57 4.08 -7.25 1.66 29.47 3.10 0.32
Car 0.0 0 -3.00 411.26 175.65 493.70 206.08 1.46 1.63 4.22 -7.69 1.59 35.35 3.07 0.12
