Car 0.0 0 -1.86 713.35 182.64 857.67 281.98 1.46 1.68 3.95 2.90 1.66 13.01 -1.62 7.46
Car 0.0 0 0.46 121.58 169.08 394.17 271.95 1.56 1.53 4.17 -6.04 1.56 12.43 0.01 2.87
Car 0.0 0 2.81 698.04 174.44 823.63 222.51 1.53 1.72 4.39 5.58 1.72 27.64 3.02 1.00
Car 0.0 0 -2.71 778.26 184.82 916.61 239.56 1.42 1.63 3.94 6.70 1.78 20.70 -2.39 2.27
Car 0.0 0 -2.98 432.90 177.75 519.93 208.38 1.41 1.61 3.78 -6.12 1.60 33.02 3.13 1.15
Car 0.0 0 0.62 25.53 173.52 377.06 294.79 1.53 1.58 4.36 -6.17 1.67 11.02 0.10 4.90
Car 0.0 0 -2.79 246.41 174.11 448.22 246.74 1.55 1.64 3.98 -5.81 1.59 16.32 -3.14 3.40
Car 0.0 0 -2.99 444.15 174.98 529.06 206.47 1.47 1.67 4.12 -6.20 1.62 36.61 3.13 0.32
Car 0.0 0 0.42 334.92 173.85 494.55 233.71 1.51 1.64 3.69 -5.25 1.55 19.46 0.15 1.00
Car 0.0 0 -2.61 -1.07 185.26 229.06 348.30 1.45 1.57 3.82 -6.17 1.62 7.80 3.07 0.54
