Car 0.0 0 -1.71 678.72 175.84 747.13 226.58 1.61 1.69 3.82 3.39 1.72 24.61 -1.57 3.19
Car 0.0 0 -1.76 701.02 175.26 786.98 241.06 1.55 1.62 3.48 3.39 1.65 19.12 -1.58 6.44
Car 0.0 0 1.85 386.06 189.65 471.18 239.40 1.46 1.67 3.99 -5.89 2.03 23.67 1.60 4.65
Car 0.0 0 1.92 265.37 197.24 407.45 271.89 1.43 1.70 4.28 -6.16 2.02 16.70 1.56 7.23
Car 0.0 0 2.09 47.95 207.09 309.35 337.46 1.47 1.61 3.77 -6.00 2.02 10.58 1.55 9.62
Car 0.0 0 1.79 436.84 186.28 498.32 225.60 1.47 1.67 4.14 -5.71 2.02 29.11 1.59 2.23
Car 0.0 0 1.80 487.65 183.93 528.32 210.96 1.45 1.55 3.59 -5.87 2.10 41.50 1.66 1.07
Car 0.0 0 -1.69 658.48 179.10 706.48 210.30 1.43 1.58 3.60 3.35 1.72 34.24 -1.59 0.86
Car 0.0 0 2.51 1011.38 133.78 1216.21 232.24 1.78 1.75 4.40 10.33 1.05 13.44 3.12 2.54
Car 0.0 0 -0.51 952.03 140.05 1184.22 224.10 1.73 1.64 3.85 10.30 1.05 16.29 0.06 0.89
Car 0.0 0 -0.51 963.45 138.98 1183.03 224.07 1.78 1.64 3.83 10.28 1.03 16.33 0.06 1.02
Car 0.0 0 2.58 900.67 147.52 1099.21 216.73 1.65 1.68 4.04 9.84 1.04 18.44 3.07 0.56
