Car 0.0 0 -1.85 721.19 171.03 909.83 313.93 1.65 1.69 3.87 2.59 1.64 10.14 -1.57 11.67
Car 0.0 0 1.40 657.17 173.00 719.53 225.36 1.60 1.66 3.94 2.50 1.63 24.53 1.50 2.89
Car 0.0 0 -1.79 682.38 183.05 791.29 255.11 1.44 1.64 3.76 2.61 1.65 16.05 -1.62 5.45
Car 0.0 0 -3.02 442.28 177.53 532.05 209.93 1.43 1.65 4.15 -5.61 1.66 33.43 3.10 0.81
Car 0.0 0 -2.69 312.03 185.22 433.64 243.29 1.48 1.57 3.38 -6.64 1.85 20.20 -3.01 2.90
Car 0.0 0 -2.71 130.69 189.39 380.80 268.90 1.41 1.51 4.04 -6.74 1.77 13.90 3.12 2.09
Car 0.0 0 -2.66 4.23 189.88 351.22 303.22 1.47 1.54 4.20 -6.28 1.74 10.53 3.09 4.33
Car 0.0 0 0.26 378.32 175.67 505.15 223.45 1.56 1.68 4.03 -5.76 1.68 24.96 0.03 0.59
Car 0.0 0 1.44 642.53 175.71 682.56 204.65 1.47 1.65 3.92 2.69 1.63 38.52 1.51 0.61
Car 0.0 0 0.36 369.38 178.23 499.53 227.67 1.51 1.63 4.00 -5.81 1.72 24.04 0.12 0.39
Car 0.0 0 -2.96 429.02 178.04 525.65 212.31 1.46 1.64 4.10 -5.78 1.69 31.85 3.14 0.40
Car 0.0 0 0.68 -6.97 200.01 288.79 351.79 1.45 1.61 4.07 -6.24 1.83 8.10 0.11 2.31
Car 0.0 0 -3.03 458.71 176.66 536.55 207.10 1.50 1.67 4.16 -5.67 1.71 37.09 3.10 0.12
