Car 0.0 0 -0.34 764.48 195.91 906.39 250.62 1.46 1.64 3.91 6.43 2.16 20.86 -0.04 3.77
Car 0.0 0 0.42 357.89 186.20 500.07 241.73 1.58 1.65 3.87 -5.53 2.01 22.04 0.17 3.10
Car 0.0 0 2.54 821.52 194.24 1124.65 292.86 1.48 1.62 4.27 5.99 1.94 12.58 3.01 4.78
Car 0.0 0 -0.09 701.68 192.40 782.96 227.07 1.48 1.59 3.60 5.93 2.38 32.86 0.09 1.73
Car 0.0 0 0.16 455.81 186.23 541.09 217.67 1.52 1.71 4.19 -5.65 2.21 36.41 0.01 0.77
Car 0.0 0 -2.79 198.90 189.34 416.24 264.99 1.50 1.65 3.91 -6.53 1.91 15.72 3.10 3.66
Car 0.0 0 -2.83 275.98 188.89 460.59 255.41 1.50 1.59 4.12 -5.92 1.95 18.01 3.13 2.03
Car 0.0 0 -2.99 371.87 184.40 506.79 236.93 1.64 1.63 4.04 -5.85 2.07 24.61 3.06 0.55
Car 0.0 0 -1.66 638.72 190.09 668.16 214.98 1.47 1.65 3.72 2.65 2.55 44.90 -1.60 0.64
Car 0.0 0 -2.82 279.12 189.02 463.06 254.85 1.50 1.62 4.14 -5.92 1.94 18.00 -3.14 1.73
Car 0.0 0 -0.29 754.44 192.63 888.30 243.20 1.50 1.60 4.00 6.70 2.18 23.32 -0.00 1.01
Car 0.0 0 -0.20 754.38 192.69 881.54 241.25 1.50 1.58 3.99 6.66 2.17 23.49 0.08 0.57
