Car 0.0 0 -1.76 665.10 176.43 751.91 243.45 1.66 1.70 4.11 2.53 1.77 20.04 -1.62 4.94
Car 0.0 0 -2.93 320.91 175.81 477.34 233.41 1.65 1.65 4.20 -6.29 1.77 21.73 3.07 1.27
Car 0.0 0 -2.93 259.65 182.42 455.48 249.56 1.54 1.59 4.28 -6.10 1.82 17.76 3.02 2.77
Car 0.0 0 -2.93 369.50 176.60 501.17 225.29 1.65 1.63 4.23 -6.11 1.80 25.35 3.12 0.77
Car 0.0 0 1.40 651.05 181.76 702.03 222.06 1.53 1.60 3.61 2.50 1.86 28.55 1.49 0.89
Car 0.0 0 -3.00 453.23 177.65 528.05 207.62 1.61 1.72 4.02 -6.56 1.88 40.00 3.12 0.33
Car 0.0 0 1.44 630.15 179.78 661.19 204.13 1.52 1.62 3.98 2.19 1.95 46.06 1.49 0.33
Car 0.0 0 -2.75 123.07 182.48 406.51 271.49 1.51 1.57 4.18 -5.91 1.70 12.70 3.08 0.75
Car 0.0 0 -2.73 19.36 185.75 373.92 309.97 1.53 1.59 3.97 -5.64 1.80 10.50 3.04 1.44
Car 0.0 0 -2.94 315.52 179.31 473.12 236.16 1.56 1.59 4.14 -6.11 1.76 20.56 3.05 0.51
Car 0.0 0 -3.00 469.44 176.69 537.87 204.86 1.68 1.74 4.02 -6.14 1.87 42.42 3.14 0.18
Car 0.0 0 -2.79 175.25 183.25 419.06 259.94 1.52 1.55 4.12 -6.16 1.75 14.73 3.08 0.92
Car 0.0 0 -2.97 414.78 177.53 515.91 216.56 1.65 1.65 4.11 -6.18 1.84 31.03 3.11 0.15
Car 0.0 0 -2.93 350.20 177.73 491.35 229.46 1.63 1.65 4.20 -6.16 1.81 23.82 3.10 0.29
Car 0.0 0 -2.95 336.14 177.34 486.84 233.03 1.58 1.65 4.17 -6.10 1.75 22.15 3.06 0.25
