Car 0.0 0 -1.67 636.74 178.58 680.22 215.54 1.47 1.61 3.67 2.01 1.73 30.99 -1.60 2.90
Car 0.0 0 0.37 368.57 174.62 496.69 224.32 1.57 1.68 3.96 -5.86 1.64 23.81 0.13 3.52
Car 0.0 0 -0.29 748.37 181.76 927.56 248.30 1.44 1.66 4.04 5.36 1.70 17.44 0.02 6.01
Car 0.0 0 -2.76 251.61 184.42 429.02 244.79 1.40 1.59 4.13 -6.63 1.71 17.79 -3.12 1.84
Car 0.0 0 -3.13 447.69 176.49 532.33 206.05 1.42 1.67 4.29 -5.83 1.59 35.39 2.99 0.92
Car 0.0 0 -2.69 50.87 176.20 378.20 284.19 1.56 1.62 4.26 -6.34 1.65 11.75 3.09 2.74
Car 0.0 0 -3.02 389.18 177.17 508.23 218.54 1.48 1.62 4.25 -6.05 1.64 27.14 3.04 0.95
Car 0.0 0 -2.71 138.84 182.09 395.30 267.08 1.49 1.63 4.09 -6.49 1.68 13.84 3.13 1.57
Car 0.0 0 -0.57 978.89 178.24 1238.01 345.34 1.61 1.63 3.76 6.19 1.69 7.74 0.03 3.03
Car 0.0 0 -3.07 426.64 177.92 520.92 209.22 1.42 1.67 4.27 -6.17 1.62 32.70 3.03 0.32
Car 0.0 0 -2.76 201.56 183.72 417.29 253.99 1.43 1.63 4.04 -6.45 1.69 15.78 3.13 0.62
Car 0.0 0 0.66 -4.45 187.70 282.01 368.65 1.50 1.67 4.22 -5.50 1.66 6.91 0.09 1.30
Car 0.0 0 -2.72 -27.96 175.10 356.26 306.50 1.55 1.58 4.30 -6.23 1.67 10.17 3.01 0.80
