Car 0.0 0 -1.67 641.44 178.38 691.45 221.36 1.50 1.63 3.75 2.09 1.74 27.77 -1.59 3.62
Car 0.0 0 -2.83 360.13 176.26 496.92 225.71 1.51 1.66 4.25 -5.96 1.64 23.67 -3.07 1.80
Car 0.0 0 -0.37 793.29 182.42 1033.96 268.81 1.46 1.66 4.02 5.56 1.68 13.76 0.03 7.87
Car 0.0 0 -2.66 108.43 185.70 389.62 270.86 1.41 1.61 4.28 -6.60 1.71 13.37 -3.12 4.00
Car 0.0 0 0.38 323.52 178.65 473.68 233.69 1.51 1.66 3.93 -6.09 1.69 20.81 0.09 2.93
Car 0.0 0 -2.65 443.20 178.20 527.58 208.93 1.40 1.65 4.05 -5.80 1.65 33.93 -2.82 0.47
Car 0.0 0 -3.01 393.95 178.10 508.76 216.84 1.43 1.62 4.25 -6.18 1.64 28.07 3.05 0.63
Car 0.0 0 -3.09 435.17 178.58 526.24 210.11 1.39 1.64 4.13 -5.87 1.64 32.68 3.02 0.46
Car 0.0 0 -2.61 -15.64 184.42 335.67 288.84 1.49 1.58 4.06 -6.94 1.66 11.12 3.12 1.02
Car 0.0 0 -2.65 -8.20 168.17 259.87 344.43 1.60 1.64 3.88 -5.76 1.56 7.27 3.04 0.64
Car 0.0 0 0.38 320.90 179.23 471.61 233.54 1.49 1.65 3.95 -6.14 1.68 20.86 0.10 0.92
Car 0.0 0 1.66 526.38 173.92 572.29 199.99 1.50 1.64 3.80 -3.78 1.60 45.17 1.57 0.14
