Car 0.0 0 -1.69 632.67 178.69 677.93 214.57 1.51 1.67 4.19 1.96 1.78 32.61 -1.62 2.84
Car 0.0 0 0.36 368.73 177.66 499.73 219.32 1.44 1.64 4.48 -6.11 1.59 25.22 0.13 1.10
Car 0.0 0 -0.35 740.93 174.24 919.85 247.31 1.68 1.68 4.18 5.28 1.72 17.75 -0.05 3.08
Car 0.0 0 2.66 786.48 181.58 1013.51 264.69 1.54 1.64 4.15 5.72 1.75 14.70 3.04 3.78
Car 0.0 0 -2.74 82.74 168.19 367.27 272.46 1.74 1.74 4.19 -6.60 1.68 12.69 3.06 3.39
Car 0.0 0 -0.52 885.72 185.94 1220.99 312.69 1.50 1.63 3.96 5.86 1.71 9.62 0.03 5.60
Car 0.0 0 -0.51 855.60 186.88 1120.10 278.67 1.53 1.59 3.73 6.49 1.77 12.86 -0.03 3.34
Car 0.0 0 -2.77 189.53 170.60 416.63 252.62 1.63 1.59 4.28 -6.41 1.59 15.23 3.12 1.46
Car 0.0 0 -0.62 999.13 192.45 1256.92 369.79 1.48 1.55 3.35 5.62 1.69 6.78 0.01 1.79
Car 0.0 0 -2.60 -11.92 183.14 253.77 322.40 1.49 1.58 4.00 -7.07 1.66 8.86 3.09 0.32
