Car 0.0 0 -1.72 628.57 177.79 670.64 209.74 1.53 1.63 3.65 1.88 1.76 35.71 -1.67 2.07
Car 0.0 0 -2.98 373.90 179.18 486.42 218.20 1.50 1.69 4.24 -7.03 1.75 28.35 3.06 1.54
Car 0.0 0 1.09 753.55 177.95 877.06 227.40 1.47 1.70 4.23 6.52 1.65 23.53 1.37 3.70
Car 0.0 0 -2.65 65.91 177.97 352.55 272.54 1.51 1.61 4.12 -6.94 1.64 12.69 3.13 5.55
Car 0.0 0 -2.77 176.66 181.14 399.73 257.57 1.50 1.60 4.10 -6.97 1.74 15.96 3.10 3.34
Car 0.0 0 -2.87 239.07 162.92 444.52 248.74 1.90 1.77 4.48 -6.37 1.70 17.26 3.05 2.61
Car 0.0 0 -2.96 397.41 179.25 493.50 212.99 1.47 1.58 4.08 -7.37 1.76 32.46 3.10 0.63
Car 0.0 0 1.42 610.78 175.00 647.32 202.60 1.54 1.68 4.29 1.06 1.73 44.39 1.45 0.34
Car 0.0 0 -3.04 442.39 175.36 519.53 202.55 1.54 1.72 4.28 -7.59 1.69 42.76 3.07 0.27
Car 0.0 0 1.43 611.16 175.90 647.23 202.82 1.56 1.67 4.28 1.06 1.77 44.07 1.46 0.23
Car 0.0 0 -3.00 411.48 178.78 496.15 209.04 1.48 1.64 4.14 -7.74 1.78 35.96 3.08 0.13
