Car 0.0 0 -2.99 372.99 178.08 483.29 217.97 1.48 1.69 4.08 -6.99 1.70 27.92 3.05 1.88
Car 0.0 0 1.06 762.42 178.00 897.92 230.69 1.44 1.69 4.13 6.55 1.62 22.00 1.36 3.95
Car 0.0 0 1.39 629.31 177.33 673.92 210.42 1.50 1.61 3.61 1.86 1.70 34.04 1.45 1.96
Car 0.0 0 -2.60 16.46 182.28 312.16 286.47 1.50 1.59 3.78 -6.95 1.64 11.29 3.13 6.35
Car 0.0 0 -2.81 202.00 162.23 426.37 255.00 1.88 1.75 4.55 -6.48 1.69 15.92 3.09 2.53
Car 0.0 0 -2.96 388.10 178.15 490.61 213.18 1.49 1.61 4.15 -7.53 1.73 32.01 3.09 0.59
Car 0.0 0 1.43 611.75 174.76 647.57 202.06 1.56 1.67 4.32 1.08 1.70 43.76 1.46 0.32
Car 0.0 0 -2.68 124.76 178.44 375.22 266.60 1.56 1.60 4.16 -7.12 1.74 14.60 3.14 1.96
Car 0.0 0 1.44 611.73 174.46 646.42 201.23 1.54 1.67 4.29 1.08 1.68 44.92 1.47 0.19
Car 0.0 0 -2.95 387.54 179.54 487.58 214.90 1.48 1.61 4.07 -7.61 1.80 31.92 3.10 0.32
Car 0.0 0 -3.01 422.88 176.10 501.92 204.19 1.51 1.72 4.38 -8.00 1.68 39.12 3.07 0.11
Car 0.0 0 -3.04 439.85 173.93 517.85 201.39 1.52 1.72 4.36 -7.60 1.60 42.10 3.06 0.16
