Car 0.0 0 -1.75 667.09 178.25 751.19 245.89 1.59 1.65 3.74 2.42 1.74 18.89 -1.61 5.76
Car 0.0 0 -2.78 390.06 184.56 489.56 221.60 1.45 1.54 3.51 -6.75 1.91 28.69 -3.01 1.61
Car 0.0 0 -1.96 739.77 192.97 989.00 349.81 1.43 1.58 3.59 2.71 1.71 8.75 -1.62 13.93
Car 0.0 0 -2.68 52.92 167.12 369.07 286.50 1.81 1.74 4.14 -6.20 1.72 11.46 3.10 5.02
Car 0.0 0 -1.72 653.86 181.05 714.83 228.09 1.52 1.62 3.64 2.46 1.81 25.13 -1.62 1.31
Car 0.0 0 0.43 206.47 181.48 426.44 260.70 1.54 1.60 4.14 -6.13 1.78 15.44 0.05 2.21
Car 0.0 0 -2.83 292.63 184.59 456.98 240.62 1.47 1.53 4.19 -6.41 1.80 19.93 3.14 0.93
Car 0.0 0 -2.96 454.92 177.90 536.25 208.23 1.57 1.69 4.06 -6.06 1.84 38.28 -3.11 0.33
Car 0.0 0 -1.69 640.76 179.53 684.28 214.44 1.53 1.65 3.81 2.32 1.85 33.76 -1.62 0.49
Car 0.0 0 0.39 370.04 184.84 478.81 224.98 1.44 1.53 3.67 -6.89 1.88 26.82 0.14 0.53
Car 0.0 0 -3.00 468.72 177.49 543.59 207.16 1.56 1.69 4.01 -5.73 1.85 40.53 -3.14 0.32
Car 0.0 0 -2.85 269.26 183.73 454.36 247.25 1.45 1.49 4.26 -6.23 1.78 18.28 3.10 0.52
Car 0.0 0 -2.95 415.37 178.38 519.94 219.69 1.57 1.67 4.03 -5.92 1.86 30.36 3.14 0.30
