Car 0.0 0 -1.75 654.69 175.53 747.38 241.21 1.46 1.64 4.06 2.12 1.54 18.26 -1.63 7.01
Car 0.0 0 -1.68 630.51 170.67 673.28 206.92 1.55 1.62 3.79 1.85 1.47 33.34 -1.62 2.04
Car 0.0 0 -2.67 208.04 179.45 415.79 258.49 1.50 1.57 3.99 -6.37 1.71 15.55 -3.07 4.56
Car 0.0 0 -2.69 396.53 176.30 493.67 213.88 1.45 1.57 3.92 -6.71 1.61 29.50 -2.91 0.59
Car 0.0 0 -2.68 57.39 182.78 359.14 274.13 1.50 1.65 4.21 -6.84 1.71 12.53 3.10 2.25
Car 0.0 0 0.52 290.25 178.70 436.00 235.27 1.48 1.53 3.53 -7.06 1.69 20.66 0.19 0.75
Car 0.0 0 -3.03 457.03 173.28 524.71 199.41 1.53 1.63 3.94 -7.03 1.55 43.03 3.09 0.31
Car 0.0 0 -2.68 386.72 178.02 483.77 218.93 1.45 1.53 3.61 -6.55 1.66 27.02 -2.92 0.56
Car 0.0 0 0.53 286.61 178.67 435.99 234.83 1.48 1.52 3.52 -7.12 1.68 20.59 0.19 0.54
Car 0.0 0 -3.04 438.11 174.85 511.74 201.86 1.46 1.61 3.94 -7.50 1.57 40.11 3.06 0.17
