Car 0.0 0 -2.98 425.22 172.74 514.12 204.98 1.42 1.58 3.55 -6.16 1.40 31.77 3.11 1.61
Car 0.0 0 -1.87 731.12 180.48 900.51 299.55 1.42 1.65 3.81 2.82 1.56 10.84 -1.59 9.86
Car 0.0 0 -2.81 179.47 169.78 421.17 252.18 1.55 1.69 4.17 -6.10 1.51 14.72 3.07 3.64
Car 0.0 0 2.81 701.07 170.22 834.41 220.70 1.56 1.76 4.38 5.36 1.54 25.22 3.03 1.31
Car 0.0 0 -1.21 805.89 181.48 945.73 245.24 1.44 1.67 4.19 6.43 1.62 17.61 -0.86 1.41
Car 0.0 0 0.51 2.44 164.89 368.80 289.14 1.58 1.55 4.34 -5.87 1.51 10.13 -0.02 2.52
Car 0.0 0 -3.02 449.74 170.17 530.48 200.52 1.48 1.67 4.00 -6.18 1.37 37.55 3.10 0.38
Car 0.0 0 -2.77 290.59 165.30 475.24 235.62 1.64 1.69 4.02 -5.62 1.48 18.10 -3.08 1.09
Car 0.0 0 -2.98 434.95 172.93 519.56 203.54 1.41 1.63 3.88 -6.29 1.41 34.08 3.12 0.50
Car 0.0 0 0.70 12.53 176.20 324.21 325.65 1.51 1.64 4.21 -5.99 1.63 8.66 0.15 2.31
