Car 0.0 0 1.96 209.93 198.87 381.34 287.50 1.43 1.68 4.22 -6.16 2.01 14.63 1.55 8.60
Car 0.0 0 1.87 364.35 189.99 462.08 245.87 1.48 1.68 3.98 -5.81 2.01 21.62 1.60 5.52
Car 0.0 0 -1.74 685.03 175.92 757.70 231.89 1.57 1.66 3.72 3.33 1.69 22.48 -1.59 3.88
Car 0.0 0 -1.78 708.99 175.76 818.57 251.26 1.56 1.64 3.62 3.36 1.63 16.69 -1.57 7.83
Car 0.0 0 -1.67 665.24 179.69 716.01 214.03 1.44 1.62 3.74 3.38 1.71 31.06 -1.56 1.92
Car 0.0 0 1.79 481.35 184.73 524.70 213.33 1.42 1.52 3.51 -5.65 2.06 38.23 1.65 1.55
Car 0.0 0 1.82 423.88 186.94 491.13 229.33 1.43 1.64 4.02 -5.66 1.98 27.05 1.61 2.70
Car 0.0 0 2.17 11.23 213.13 248.85 381.48 1.46 1.58 3.83 -5.96 1.97 8.20 1.58 5.41
Car 0.0 0 -1.60 656.67 178.97 695.14 208.26 1.48 1.67 3.86 3.40 1.80 37.99 -1.51 0.45
Car 0.0 0 -0.60 1016.31 133.65 1267.69 236.35 1.81 1.70 4.07 10.20 1.07 13.52 0.04 1.57
Car 0.0 0 2.55 942.51 148.01 1160.83 227.92 1.69 1.68 4.02 10.10 1.12 16.81 3.10 0.95
Car 0.0 0 -1.70 679.48 179.09 740.08 224.59 1.46 1.63 3.57 3.54 1.73 26.43 -1.56 0.25
