Car 0.0 0 -1.82 732.26 183.14 865.04 277.59 1.52 1.60 3.52 3.31 1.72 13.52 -1.56 9.62
Car 0.0 0 -2.80 371.75 182.07 488.35 231.55 1.52 1.56 3.38 -5.79 1.84 23.32 -3.04 3.85
Car 0.0 0 -1.70 681.01 181.59 727.84 217.44 1.44 1.60 3.92 3.95 1.83 30.89 -1.57 2.29
Car 0.0 0 -2.89 402.18 180.84 516.87 226.65 1.53 1.57 3.59 -5.31 1.83 25.45 -3.09 2.64
Car 0.0 0 -2.77 246.48 182.63 445.81 249.06 1.48 1.63 4.29 -6.33 1.76 17.57 -3.12 5.27
Car 0.0 0 1.33 707.45 178.83 796.58 248.03 1.57 1.65 3.74 3.48 1.75 18.60 1.53 4.80
Car 0.0 0 0.56 18.88 180.53 386.02 302.23 1.53 1.69 4.52 -5.75 1.70 10.19 0.05 5.60
Car 0.0 0 -2.90 434.17 178.69 540.58 219.40 1.54 1.63 3.93 -4.87 1.81 28.93 -3.06 1.20
Car 0.0 0 -3.01 480.43 178.52 569.37 210.16 1.48 1.69 4.29 -4.18 1.77 35.71 -3.12 0.60
Car 0.0 0 -3.02 503.28 179.63 570.26 207.79 1.46 1.70 4.29 -3.78 1.82 38.58 -3.12 0.14
