Car 0.0 0 -1.92 803.16 192.80 1029.77 327.21 1.44 1.58 3.76 3.89 1.75 10.03 -1.52 12.91
Car 0.0 0 1.79 460.32 185.88 529.39 231.87 1.51 1.69 4.05 -4.05 1.98 25.85 1.64 4.57
Car 0.0 0 -1.83 744.72 180.83 861.38 264.37 1.56 1.57 3.62 3.95 1.75 15.51 -1.57 6.51
Car 0.0 0 1.78 499.57 183.97 550.07 221.41 1.56 1.61 4.06 -3.79 2.07 32.56 1.66 1.95
Car 0.0 0 -1.70 687.77 179.58 735.28 215.91 1.61 1.67 4.12 4.50 1.90 32.95 -1.56 1.22
Car 0.0 0 -1.75 704.09 182.08 760.18 223.96 1.55 1.64 3.81 4.45 1.86 27.33 -1.58 1.85
Car 0.0 0 -1.69 686.90 179.88 733.37 216.39 1.60 1.69 4.11 4.53 1.92 33.52 -1.55 0.46
Car 0.0 0 -1.78 721.79 182.93 796.02 239.18 1.54 1.64 3.67 4.27 1.83 21.44 -1.58 1.50
Car 0.0 0 -1.83 744.11 181.67 864.76 265.15 1.56 1.57 3.65 3.95 1.77 15.49 -1.57 1.20
Car 0.0 0 -1.79 720.89 182.05 794.14 238.09 1.55 1.64 3.62 4.28 1.82 21.59 -1.59 0.65
