Car 0.0 0 0.42 380.87 176.86 504.93 222.65 1.55 1.66 3.95 -5.91 1.70 25.45 0.19 3.14
Car 0.0 0 -1.65 635.44 180.81 676.18 215.18 1.46 1.60 3.78 2.03 1.84 32.94 -1.58 2.59
Car 0.0 0 -0.22 737.07 183.30 896.22 242.30 1.43 1.62 3.89 5.39 1.75 19.31 0.06 5.13
Car 0.0 0 -2.70 99.40 173.47 397.81 288.94 1.63 1.65 4.23 -5.93 1.70 11.89 3.11 4.60
Car 0.0 0 -2.81 251.72 182.23 439.02 244.53 1.46 1.64 4.23 -6.54 1.71 18.02 3.12 1.72
Car 0.0 0 -0.57 922.13 183.90 1232.96 312.17 1.53 1.56 3.40 6.24 1.74 9.87 0.00 4.90
Car 0.0 0 3.14 452.71 179.00 536.40 206.40 1.38 1.66 4.33 -5.81 1.67 36.53 2.98 0.48
Car 0.0 0 0.64 3.87 183.45 347.08 330.76 1.49 1.67 4.34 -5.81 1.73 9.06 0.10 3.74
Car 0.0 0 -3.05 417.93 179.93 519.28 214.04 1.43 1.65 4.24 -6.08 1.72 31.03 3.04 0.40
Car 0.0 0 -2.74 204.35 181.01 417.36 254.82 1.52 1.65 4.10 -6.33 1.70 15.42 -3.13 1.37
Car 0.0 0 -2.80 290.74 183.76 448.08 235.99 1.43 1.61 4.15 -6.85 1.73 20.54 -3.12 0.78
Car 0.0 0 3.12 505.84 174.98 567.77 199.47 1.53 1.71 4.07 -4.74 1.67 46.71 3.02 0.25
Car 0.0 0 -0.60 987.10 190.75 1237.72 355.51 1.51 1.60 3.71 6.25 1.77 7.56 0.01 1.29
