Car 0.0 0 -1.81 684.58 183.34 807.40 264.23 1.43 1.64 4.00 2.60 1.67 15.21 -1.62 6.88
Car 0.0 0 1.42 666.36 180.50 720.50 221.03 1.40 1.63 4.10 3.00 1.70 27.19 1.53 1.93
Car 0.0 0 0.50 111.44 177.38 386.06 272.46 1.51 1.62 4.15 -6.51 1.69 13.26 0.04 2.96
Car 0.0 0 0.40 294.95 182.96 474.43 242.13 1.42 1.64 4.11 -5.77 1.71 18.64 0.09 3.59
Car 0.0 0 -2.96 452.83 175.13 539.55 209.38 1.55 1.65 3.81 -5.51 1.72 35.63 -3.12 0.33
Car 0.0 0 -2.62 -5.08 181.76 334.49 293.63 1.52 1.59 4.04 -6.78 1.75 11.30 3.11 3.11
Car 0.0 0 1.45 644.09 172.10 676.36 199.80 1.65 1.58 3.57 3.01 1.61 44.29 1.52 0.48
Car 0.0 0 -2.78 362.68 174.30 476.29 219.84 1.71 1.67 3.78 -7.00 1.73 26.46 -3.04 0.26
Car 0.0 0 0.39 391.10 175.87 492.81 216.47 1.65 1.61 3.62 -6.72 1.75 28.99 0.17 0.18
Car 0.0 0 -2.95 441.96 179.25 523.10 213.44 1.47 1.58 3.32 -5.68 1.76 32.46 -3.12 0.22
Car 0.0 0 -3.00 468.13 173.68 548.14 205.01 1.61 1.67 3.98 -5.44 1.69 39.64 -3.14 0.09
Car 0.0 0 -2.15 845.67 192.27 1301.34 391.72 1.42 1.57 3.34 3.19 1.73 5.58 -1.58 0.95
Car 0.0 0 0.40 302.60 180.95 472.93 242.61 1.45 1.63 4.10 -5.62 1.68 18.43 0.10 0.94
