Car 0.0 0 -1.70 684.23 180.70 746.85 231.12 1.52 1.62 3.59 3.30 1.77 23.31 -1.55 4.78
Car 0.0 0 2.00 199.38 197.19 388.49 292.99 1.44 1.66 4.23 -5.67 1.92 13.46 1.58 9.05
Car 0.0 0 -1.82 726.58 178.08 865.05 274.90 1.58 1.68 3.86 3.35 1.71 13.91 -1.56 8.63
Car 0.0 0 1.80 440.16 186.14 505.07 224.32 1.43 1.68 4.11 -5.51 1.98 29.18 1.61 2.76
Car 0.0 0 -1.99 786.84 184.56 1097.32 362.54 1.51 1.64 3.98 3.31 1.65 8.14 -1.56 15.01
Car 0.0 0 1.88 343.16 190.68 448.43 251.54 1.43 1.64 3.88 -5.66 1.93 19.43 1.59 5.58
Car 0.0 0 -1.69 668.87 181.26 720.41 220.76 1.55 1.67 3.83 3.34 1.87 29.34 -1.57 2.38
Car 0.0 0 -1.69 651.10 179.79 688.36 209.37 1.53 1.66 3.73 3.16 1.92 39.21 -1.61 1.12
Car 0.0 0 1.76 500.08 181.09 537.27 206.33 1.51 1.61 3.63 -5.85 2.06 46.20 1.64 0.46
Car 0.0 0 -0.60 1040.45 150.17 1247.36 273.68 1.73 1.65 4.20 9.44 1.40 11.17 0.04 1.38
